0.203965
0.964441
0.074242
0.731974
0.231931
0.692946
0.391283
0.983589
0.798250
0.208854
0.323704
0.151014
0.296182
0.533533
0.695282
0.893556
0.044630
0.748578
0.794206
0.520914
0.237566
0.848328
0.866753
0.588922
0.697374
0.722521
0.881765
0.963657
0.930882
0.839136
0.832726
0.134846
0.803578
0.906967
0.866820
0.035508
0.599914
0.258102
0.019098
0.398163
0.466957
0.342802
0.549177
0.763138
0.876334
0.244459
0.656694
0.920964
0.993037
0.450901
0.441877
0.230603
0.299229
0.308631
0.819525
0.996603
0.031152
0.701290
0.960260
0.962034
0.540426
0.792985
0.096880
0.344004
0.699953
0.963700
0.379512
0.299866
0.221802
0.398610
0.698030
0.688759
0.741411
0.247207
0.451897
0.617745
0.491666
0.108591
0.538709
0.484703
0.559492
0.980587
0.715306
0.858720
0.289218
0.534831
0.855323
0.320370
0.236121
0.815583
0.282404
0.776547
0.608568
0.379283
0.120551
0.308521
0.342983
0.500062
0.608388
0.564785
0.898672
0.306417
0.253544
0.640083
0.553624
0.705440
0.257828
0.045290
0.814031
0.796538
0.529994
0.373523
0.777125
0.245300
0.232243
0.066343
0.780132
0.087566
0.386713
0.016253
0.903149
0.669116
0.792800
0.511717
0.048399
0.913351
0.820238
0.391382
0.413413
0.428626
0.956167
0.312085
0.735043
0.209711
0.952168
0.288667
0.915151
0.209996
0.333958
0.729183
0.006534
0.863952
0.102706
0.783659
0.109252
0.334949
0.850002
0.889384
0.422515
0.236714
0.905637
0.325664
0.905830
0.698436
0.837382
0.954230
0.611787
0.657620
0.345612
0.025200
0.086246
0.301779
0.337285
0.821289
0.511490
0.289453
0.109956
0.426642
0.499449
0.443914
0.155824
0.505983
0.307865
0.258530
0.289643
0.417117
0.593479
0.139644
0.306501
0.015994
0.376359
0.212137
0.341658
0.282189
0.910574
0.179040
0.236419
0.522361
0.836660
0.582031
0.547561
0.922906
0.883811
0.884846
0.744194
0.395301
0.174298
0.854151
0.821942
0.673748
0.298064
0.977767
0.179731
0.605930
0.236296
0.469373
0.023047
0.829775
0.609018
0.329547
0.845769
0.985377
0.541685
0.187427
0.267566
0.452259
0.366467
0.503985
0.974619
0.203127
0.086016
0.522180
0.126032
0.969826
0.407026
0.870227
0.365127
0.581324
0.724377
0.187069
0.255072
0.022442
0.164836
0.434803
0.628371
0.401132
0.904176
0.651418
0.230907
0.513194
0.980966
0.076676
0.498570
0.522650
0.264103
0.766136
0.974909
0.630570
0.270121
0.949528
0.833697
0.356136
0.471708
0.959729
0.325962
0.878734
0.829956
0.691089
0.460058
0.554333
0.878159
0.715130
0.576775
0.042995
0.149932
0.205146
0.444127
0.054108
0.856565
0.675034
0.567302
0.837530
0.751710
0.065872
0.360181
0.015813
0.832009
0.335089
0.646383
0.102129
0.284618
0.480079
0.458265
0.756326
0.439808
0.784228
0.635060
0.269764
0.475317
0.095118
0.824097
0.353476
0.810248
0.400872
0.396471
0.960180
0.606019
0.840598
0.014288
0.462583
0.515632
0.581590
0.300113
0.267342
0.647463
0.660294
0.283154
0.479471
0.995383
0.929537
0.581600
0.280001
0.409616
0.039866
0.036327
0.849424
0.824094
0.671387
0.119188
0.299411
0.766505
0.943286
0.652887
0.576753
0.344158
0.049358
0.536933
0.950176
0.889956
0.551221
0.412759
0.405588
0.132811
0.712873
0.672929
0.780274
0.373166
0.956084
0.259745
0.368550
0.885621
0.841346
0.648550
0.295237
0.881211
0.684877
0.144661
0.705305
0.356264
0.263850
0.004716
0.122770
0.207135
0.657602
0.699523
0.551293
0.706960
0.236456
0.501469
0.596916
0.787677
0.914228
0.002503
0.920489
0.627101
0.675433
0.700763
0.000267
0.631516
0.960508
0.368817
0.517137
0.801853
0.017368
0.812374
0.683065
0.702245
0.957035
0.388370
0.058509
0.220885
0.393085
0.181279
0.428020
0.050688
0.880802
0.979313
0.757648
0.117258
0.480782
0.354563
0.904935
0.395010
0.357066
0.825424
0.022111
0.032499
0.526186
0.022379
0.664015
0.486694
0.391196
0.181153
0.288548
0.408563
0.993527
0.971612
0.110808
0.950562
0.359982
0.169318
0.171447
0.753067
0.350597
0.599467
0.803755
0.231399
0.578780
0.561402
0.348657
0.059562
0.915966
0.253592
0.454572
0.273032
0.079015
0.476683
0.305531
0.605201
0.499062
0.969547
0.091896
0.890258
0.150699
0.380443
0.298821
0.144226
0.352055
0.409629
0.094788
0.712037
0.578947
0.266235
0.465104
0.929544
0.865702
0.268859
0.160943
0.444482
0.830261
0.509600
0.504044
0.746227
0.763192
0.958616
0.019259
0.842207
0.435299
0.324790
0.447408
0.934361
0.294336
0.539304
0.824618
0.445036
0.919747
0.123440
0.589262
0.271802
0.533069
0.684050
0.983840
0.112016
0.950286
0.448944
0.041560
0.815988
0.717803
0.202504
0.260470
0.548064
0.712103
0.764514
0.294291
0.475295
0.723130
0.313550
0.317502
0.158428
0.638339
0.764910
0.092789
0.932676
0.304214
0.917407
0.377712
0.223961
0.040847
0.966974
0.495763
0.573916
0.651024
0.479603
0.685932
0.601310
0.928547
0.727492
0.417298
0.646350
0.929996
0.677768
0.194414
0.642099
0.442282
0.488704
0.117394
0.165412
0.802254
0.434896
0.323840
0.440593
0.199806
0.416629
0.373269
0.504020
0.334037
0.750981
0.727981
0.374884
0.717954
0.223745
0.948799
0.368978
0.703348
0.634731
0.970288
0.631894
0.362224
0.387586
0.278244
0.292220
0.065354
0.472657
0.934319
0.507636
0.961362
0.051714
0.673049
0.763616
0.486610
0.996889
0.204209
0.686416
0.413518
0.577478
0.190437
0.747555
0.328459
0.918418
0.122439
0.046413
0.142163
0.071238
0.415392
0.845511
0.705969
0.385680
0.477405
0.068193
0.773266
0.755649
0.360413
0.838620
0.228306
0.294732
0.346256
0.189668
0.346445
0.019305
0.953284
0.833055
0.016194
0.157492
0.519471
0.429712
0.734971
0.709908
0.177267
0.063430
0.628326
0.299706
0.109843
0.770489
0.370944
0.525235
0.616000
0.076913
0.910915
0.093405
0.145106
0.684180
0.849054
0.505518
0.522800
0.077360
0.800250
0.869057
0.267028
0.146695
0.888362
0.220312
0.979750
0.904555
0.377804
0.499221
0.334268
0.112775
0.209129
0.511535
0.176204
0.837456
0.811241
0.286047
0.607945
0.182184
0.811282
0.223945
0.259097
0.722197
0.317351
0.404202
0.406377
0.166404
0.909720
0.929177
0.243764
0.709970
0.798234
0.510792
0.856665
0.686595
0.731104
0.836415
0.591151
0.108908
0.335636
0.925418
0.221683
0.544765
0.436953
0.397887
0.382221
0.248194
0.683934
0.990167
0.430378
0.495216
0.214112
0.689475
0.217412
0.531463
0.093678
0.623789
0.697867
0.003398
0.552967
0.941631
0.713368
0.351201
0.452424
0.570033
0.037796
0.183528
0.406448
0.628947
0.292436
0.742084
0.554365
0.514119
0.286849
0.991318
0.912006
0.669071
0.239512
0.595940
0.659238
0.669890
0.091155
0.873350
0.359365
0.308568
0.404812
0.453043
0.932357
0.102679
0.456441
0.485324
0.044311
0.169809
0.836525
0.496735
0.739842
0.874320
0.680263
0.146290
0.503267
0.972699
0.888374
0.057632
0.486817
0.175224
0.048950
0.398823
0.844295
0.288462
0.994762
0.503532
0.958353
0.085918
0.376882
0.317718
0.394486
0.781694
0.770761
0.326843
0.884374
0.227202
0.812167
0.928685
0.397012
0.648691
0.425419
0.136854
0.523012
0.105682
0.283145
0.026279
0.078381
0.171519
0.083911
0.565198
0.346743
0.132861
0.964021
0.191037
0.421323
0.958783
0.694570
0.379676
0.044701
0.071451
0.697394
0.439187
0.853146
0.468155
0.766030
0.737519
0.695358
0.578196
0.666204
0.092370
0.226888
0.091624
0.229224
0.749900
0.197306
0.512368
0.776178
0.275686
0.683887
0.860089
0.840884
0.030630
0.992950
0.804905
0.221667
0.414273
0.763688
0.916237
0.793950
0.808389
0.987689
0.491344
0.247576
0.840834
0.959499
0.013605
0.578354
0.654857
0.591802
0.244558
0.747227
0.818690
0.336181
0.976450
0.568589
0.533487
0.488819
0.344768
0.809173
0.172706
0.204857
0.650058
0.203336
0.197807
0.454963
0.425003
0.612081
0.218651
0.341240
0.406030
0.027040
0.328929
0.897374
0.274616
0.169763
0.856873
0.288222
0.748117
0.511730
0.880024
0.992675
0.258957
0.698714
0.328856
0.235407
0.267303
0.862343
0.724226
0.612071
0.671516
0.896931
0.816928
0.321574
0.100267
0.014736
0.776537
0.525270
0.626816
0.995188
0.866510
0.032847
0.022228
0.195439
0.930221
0.296845
0.365202
0.787094
0.585066
0.113318
0.298824
0.465090
0.105993
0.557781
0.163804
0.434849
0.793188
0.431107
0.297191
0.517414
0.043178
0.968708
0.414345
0.860106
0.290281
0.514612
0.874842
0.066818
0.039882
0.501658
0.062006
0.906392
0.534505
0.084234
0.101831
0.464726
0.381078
0.467032
0.251820
0.966145
0.580351
0.550644
0.431235
0.686343
0.108425
0.595039
0.121192
0.901614
0.026146
0.418383
0.419028
0.069324
0.387091
0.833373
0.929431
0.677372
0.347985
0.804273
0.744190
0.387867
0.305931
0.806196
0.294259
0.840436
0.890429
0.396090
0.305162
0.271507
0.863123
0.556982
0.237652
0.443473
0.107626
0.668887
0.129817
0.216051
0.263926
0.251008
0.117665
0.290072
0.669392
0.536693
0.359396
0.056482
0.370065
0.288827
0.733855
0.718050
0.093099
0.478045
0.105917
0.399030
0.284240
0.400177
0.239466
0.174670
0.796267
0.544628
0.446177
0.659390
0.101610
0.683829
0.102863
0.209236
0.352716
0.232680
0.425287
0.616642
0.483688
0.542952
0.906714
0.153080
0.079645
0.266110
0.209562
0.449710
0.554937
0.943417
0.167760
0.648036
0.421462
0.273677
0.047067
0.705702
0.673854
0.286533
0.880372
0.470121
0.831161
0.326549
0.129511
0.932771
0.010378
0.232375
0.142007
0.363094
0.465055
0.567294
0.979735
0.948743
0.110246
0.886449
0.101823
0.189891
0.152559
0.311386
0.639601
0.707495
0.254803
0.807361
0.355531
0.676265
0.081038
0.402598
0.381967
0.754893
0.689131
0.262338
0.225014
0.520292
0.588887
0.354525
0.453064
0.599265
0.586900
0.595071
0.962358
0.051955
0.162365
0.942094
0.000698
0.272612
0.828542
0.102522
0.462502
0.981101
0.413908
0.102103
0.688597
0.668711
0.909464
0.044128
0.344975
0.990502
0.446726
0.726942
0.745395
0.135857
0.989281
0.970409
0.656150
0.578168
0.324934
0.109213
0.177432
0.911835
0.704284
0.139790
0.963790
0.866650
0.081884
0.964488
0.139261
0.910426
0.067010
0.601764
0.891528
0.480918
0.703867
0.580124
0.149628
0.613331
0.624252
0.494604
0.603833
0.070979
0.221546
0.349228
0.206836
0.210826
0.319637
0.862986
0.788994
0.644572
0.972199
0.966426
0.556406
0.676483
0.106217
0.520196
0.543133
0.188101
0.484684
0.682394
0.098527
0.551694
0.284158
0.990055
0.032611
0.988025
0.570179
0.182239
0.601356
0.194432
0.676843
0.205189
0.265410
0.898389
0.554418
0.472246
0.109215
0.874055
0.335232
0.898209
0.518626
0.307431
0.864635
0.075032
0.983914
0.970852
0.595228
0.527047
0.158952
0.079912
0.209442
0.257479
0.631605
0.493600
0.247534
0.664217
0.481625
0.817713
0.846456
0.082981
0.012144
0.523299
0.288171
0.277554
0.421688
0.842588
0.749800
0.530903
0.716643
0.085032
0.429112
0.235269
0.392463
0.293747
0.310302
0.376377
0.264599
0.905530
0.903424
0.423551
0.985442
0.112866
0.681030
0.617047
0.606466
0.928564
0.281264
0.088091
0.746276
0.127720
0.171072
0.758421
0.651019
0.459242
0.035975
0.072707
0.301830
0.785776
0.603610
0.018474
0.870808
0.032722
0.253743
0.263270
0.326469
0.564045
0.639647
0.591068
0.469575
0.543071
0.014619
0.455017
0.655936
0.695648
0.072064
0.262402
0.624212
0.353328
0.350493
0.370488
0.481048
0.521564
0.128909
0.132068
0.980806
0.164884
0.204775
0.282637
0.950660
0.808386
0.301110
0.821468
0.841108
0.554853
0.084738
0.167577
0.118898
0.724385
0.758645
0.588473
0.267456
0.773264
0.043490
0.923392
0.468912
0.115554
0.185794
0.093124
0.468882
0.536287
0.463613
0.949931
0.057851
0.592522
0.081999
0.038658
0.757406
0.286774
0.321294
0.708067
0.095160
0.622405
0.529534
0.936268
0.177258
0.614273
0.103845
0.296157
0.338658
0.862490
0.884630
0.606114
0.635754
0.928120
0.529506
0.104666
0.043674
0.715301
0.197790
0.512557
0.251587
0.661403
0.462487
0.309439
0.253925
0.544486
0.348096
0.011331
0.831260
0.669391
0.719398
0.926419
0.291796
0.248932
0.862687
0.469054
0.863205
0.966532
0.765211
0.201863
0.829022
0.649841
0.807977
0.464776
0.577961
0.337483
0.569442
0.621635
0.052784
0.767232
0.134192
0.304371
0.428635
0.596679
0.613810
0.682560
0.141165
0.961906
0.693891
0.972425
0.631296
0.413289
0.898844
0.923092
0.662221
0.761531
0.392146
0.525426
0.728063
0.157357
0.727289
0.557085
0.807198
0.535265
0.021861
0.385159
0.872748
0.591302
0.006794
0.925532
0.358534
0.140986
0.229903
0.787169
0.737665
0.843713
0.469729
0.878831
0.805618
0.163620
0.851256
0.436915
0.576909
0.750100
0.360007
0.239130
0.511632
0.752153
0.764556
0.239695
0.909510
0.491844
0.796780
0.716707
0.027110
0.818641
0.101866
0.899858
0.409943
0.108660
0.825390
0.768477
0.249646
0.055293
0.555647
0.987312
0.899006
0.025376
0.866142
0.704624
0.188996
0.717398
0.141539
0.765904
0.467498
0.501546
0.005034
0.979130
0.253699
0.769590
0.218825
0.163208
0.261434
0.015605
0.879916
0.288544
0.834245
0.981782
0.188402
0.244188
0.090442
0.013793
0.012666
0.340089
0.069086
0.568312
0.327400
0.968092
0.593688
0.193543
0.672716
0.782684
0.910941
0.814256
0.548588
0.378439
0.315801
0.553622
0.357569
0.569500
0.323212
0.576394
0.732708
0.584646
0.591999
0.612624
0.873190
0.426244
0.594406
0.061593
0.670432
0.684848
0.075385
0.683098
0.024936
0.144471
0.251410
0.352337
0.112563
0.845098
0.545880
0.785279
0.627782
0.456821
0.599535
0.176371
0.835260
0.915337
0.729993
0.192829
0.484837
0.053205
0.769223
0.217545
0.637851
0.361222
0.830169
0.511041
0.787466
0.424575
0.572634
0.457898
0.109422
0.648019
0.140995
0.134359
0.792490
0.392405
0.486696
0.905053
0.237504
0.032575
0.690333
0.865286
0.489396
0.289868
0.041657
0.324656
0.205204
0.771650
0.517485
0.690041
0.824854
0.286708
0.907586
0.462706
0.647930
0.737755
0.973747
0.435395
0.162329
0.546381
0.893293
0.271752
0.194399
0.034288
0.406111
0.986890
0.426693
0.892806
0.891943
0.664197
0.925382
0.582276
0.529483
0.414778
0.872143
0.571140
0.739433
0.077348
0.342790
0.256918
0.767389
0.167644
0.543626
0.674975
0.630350
0.191556
0.412729
0.604096
0.626951
0.575059
0.150477
0.520243
0.846810
0.344876
0.554531
0.252921
0.331766
0.981225
0.145727
0.223709
0.645422
0.071109
0.805985
0.174905
0.485886
0.678128
0.746046
0.225320
0.755476
0.088835
0.482238
0.522865
0.256479
0.025864
0.197839
0.886829
0.217420
0.610568
0.490925
0.844371
0.185627
0.641402
0.364614
0.032437
0.986279
0.919145
0.285358
0.318045
0.900370
0.431085
0.541754
0.545792
0.502194
0.347738
0.720698
0.988080
0.025866
0.466743
0.213400
0.781342
0.555578
0.695638
0.304207
0.812058
0.721502
0.502046
0.698887
0.938922
0.112614
0.189812
0.783292
0.298241
0.831214
0.147906
0.330679
0.817493
0.067051
0.616037
0.135538
0.967421
0.047122
0.677291
0.513214
0.549316
0.025029
0.233911
0.537397
0.050896
0.700654
0.750797
0.832238
0.256233
0.446435
0.136444
0.068290
0.167936
0.638490
0.767177
0.106858
0.751104
0.956989
0.890150
0.049346
0.788203
0.038056
0.380024
0.605696
0.105108
0.996061
0.741234
0.072529
0.043184
0.418525
0.585743
0.592500
0.443555
0.819654
0.129896
0.494450
0.520308
0.880693
0.326688
0.776541
0.327128
0.463132
0.844831
0.495064
0.101622
0.612008
0.601922
0.852726
0.568997
0.492073
0.902072
0.357201
0.530129
0.282096
0.962897
0.635237
0.278158
0.704131
0.707766
0.321341
0.122656
0.293509
0.913841
0.566211
0.113163
0.043737
0.060661
0.633471
0.924430
0.387349
0.410012
0.251558
0.850481
0.254844
0.746622
0.952103
0.866852
0.348544
0.804830
0.435849
0.840617
0.706902
0.793050
0.370746
0.988998
0.755947
0.005983
0.267156
0.460078
0.713749
0.588497
0.582735
0.007258
0.502338
0.148946
0.120421
0.546075
0.209607
0.753892
0.470505
0.596956
0.163904
0.722063
0.447437
0.418748
0.468685
0.399540
0.285600
0.817230
0.204370
0.721449
0.657847
0.911271
0.514499
0.028592
0.900269
0.270445
0.034575
0.167425
0.730523
0.748323
0.755921
0.313258
0.755581
0.258259
0.462204
0.876002
0.804334
0.671810
0.629894
0.274840
0.268766
0.793798
0.996903
0.716203
0.212546
0.465589
0.115743
0.498145
0.282818
0.320113
0.219594
0.940665
0.231384
0.734093
0.969257
0.131653
0.004538
0.003832
0.299078
0.735062
0.752156
0.054999
0.048320
0.507737
0.313258
0.510523
0.383738
0.117592
0.182334
0.013632
0.392432
0.451100
0.807430
0.389335
0.167303
0.019975
0.854924
0.283046
0.518121
0.137742
0.603159
0.737715
0.078408
0.834542
0.471808
0.047665
0.966195
0.476346
0.051497
0.265273
0.211408
0.803653
0.320272
0.259727
0.311390
0.633530
0.770250
0.695128
0.751122
0.952584
0.708759
0.143554
0.403684
0.516189
0.532890
0.570986
0.536164
0.387814
0.854032
0.054285
0.525556
0.457191
0.792000
0.603964
0.291733
0.263808
0.651629
0.257929
0.740154
0.703126
0.523202
0.951562
0.506779
0.843473
0.211289
0.818168
0.477003
0.981539
0.513296
0.228126
0.934123
0.222056
0.371680
0.337806
0.738244
0.904570
0.908793
0.274409
0.292384
0.762825
0.328694
0.817940
0.220016
0.120694
0.421904
0.511749
0.384502
0.073532
0.769678
0.124656
0.776658
0.292880
0.076217
0.283437
0.136353
0.287506
0.101606
0.613357
0.269045
0.614902
0.841482
0.203168
0.836957
0.213163
0.540974
0.575202
0.117732
0.449767
0.849610
0.410116
0.212592
0.178304
0.228056
0.432607
0.298998
0.649960
0.944357
0.683499
0.723492
0.714035
0.808155
0.500151
0.006915
0.884372
0.783588
0.143268
0.171878
0.885193
0.756624
0.440923
0.500095
0.598107
0.644090
0.337052
0.811269
0.185064
0.912254
0.929002
0.634831
0.761864
0.339118
0.847422
0.940168
0.567174
0.280030
0.239166
0.217134
0.224386
0.922665
0.940626
0.938421
0.730820
0.440777
0.945336
0.615193
0.224365
0.088604
0.787071
0.109558
0.845228
0.227993
0.609653
0.443335
0.872084
0.946706
0.254604
0.057148
0.858960
0.183606
0.691979
0.620824
0.522724
0.539401
0.560992
0.089897
0.819431
0.800158
0.307031
0.043817
0.722824
0.247658
0.982238
0.453644
0.688434
0.927574
0.068837
0.912799
0.016178
0.855907
0.022358
0.861406
0.083900
0.632011
0.304740
0.955984
0.578717
0.559344
0.013132
0.437676
0.742950
0.705111
0.058500
0.265673
0.244512
0.619492
0.355571
0.063942
0.419650
0.662602
0.107759
0.142474
0.910260
0.089998
0.596118
0.598694
0.017572
0.664954
0.511493
0.033749
0.520862
0.533851
0.895155
0.604762
0.165862
0.199895
0.560746
0.744578
0.759240
0.573878
0.182255
0.502190
0.278989
0.240755
0.767863
0.523500
0.860247
0.123434
0.587442
0.279897
0.786037
0.695202
0.422371
0.696296
0.785200
0.018489
0.294991
0.802771
0.683443
0.806484
0.836521
0.204305
0.340335
0.731676
0.809067
0.506197
0.931571
0.369813
0.250775
0.690811
0.943691
0.433030
0.193001
0.222680
0.673785
0.960864
0.746180
0.534032
0.084298
0.333622
0.813929
0.870335
0.028824
0.236300
0.566631
0.814024
0.254789
0.861622
0.616795
0.938232
0.668106
0.453316
0.142537
0.008441
0.184992
0.951604
0.514638
0.116564
0.321417
0.765413
0.807375
0.265108
0.198443
0.000376
0.487788
0.872228
0.961240
0.233968
0.406260
0.045538
0.567590
0.220189
0.915873
0.596415
0.456489
0.482504
0.410439
0.711278
0.344126
0.027234
0.649511
0.012232
0.480550
0.792048
0.020673
0.665542
0.743652
0.535310
0.782106
0.065069
0.300723
0.589480
0.330177
0.499166
0.589856
0.817965
0.371394
0.551096
0.051933
0.777654
0.596634
0.619524
0.997843
0.512507
0.215939
0.454332
0.995012
0.626377
0.165610
0.339138
0.653611
0.815121
0.351370
0.134161
0.607169
0.372043
0.799703
0.350821
0.907353
0.581809
0.415890
0.208076
0.171289
0.746067
0.707242
0.761145
0.564032
0.078636
0.312241
0.615966
0.856290
0.908875
0.235490
0.854133
0.421383
0.451428
0.308464
0.416394
0.077806
0.474075
0.755533
0.731417
0.289195
0.106903
0.865578
0.896364
0.478945
0.665281
0.247185
0.386298
0.247089
0.663075
0.594375
0.418378
0.409142
0.301617
0.179524
0.973174
0.380253
0.491764
0.589140
0.236543
0.400640
0.824630
0.090676
0.822022
0.276058
0.399140
0.238417
0.353864
0.873215
0.993949
0.085281
0.162410
0.100852
0.950859
0.058775
0.579797
0.616139
0.305959
0.966096
0.863229
0.969034
0.560470
0.281607
0.378176
0.862088
0.461131
0.351350
0.242341
0.952895
0.940490
0.478884
0.353535
0.765120
0.569560
0.175557
0.041178
0.968701
0.413974
0.395042
0.841916
0.407923
0.480323
0.004326
0.508775
0.431182
0.063101
0.088572
0.047321
0.369060
0.054668
0.910550
0.338094
0.615138
0.192157
0.716270
0.477225
0.653288
0.067620
0.719566
0.606183
0.008110
0.198451
0.959718
0.773230
0.768011
0.135275
0.814408
0.736712
0.549248
0.209451
0.578627
0.957171
0.689774
0.582953
0.465946
0.120956
0.646054
0.554518
0.168277
0.015114
0.609186
0.078827
0.353208
0.224324
0.270984
0.069478
0.701549
0.924271
0.137098
0.421116
0.530454
0.145208
0.619566
0.490172
0.918439
0.387577
0.625446
0.732847
0.124289
0.174695
0.942298
0.702916
0.131866
0.632072
0.285869
0.597813
0.753028
0.931923
0.152331
0.921305
0.947037
0.761516
0.000131
0.300245
0.985840
0.271115
0.369724
0.687389
0.195386
0.506822
0.108505
0.725840
0.652030
0.728071
0.216012
0.570469
0.115648
0.841458
0.303316
0.239937
0.016153
0.245614
0.942853
0.148020
0.877686
0.228722
0.745832
0.630714
0.160645
0.898163
0.552019
0.107682
0.659679
0.552150
0.407927
0.645519
0.823265
0.777651
0.332908
0.018651
0.284473
0.441413
0.744491
0.936503
0.169484
0.960503
0.506972
0.285132
0.801961
0.810288
0.525069
0.818114
0.055902
0.467921
0.966134
0.933588
0.696643
0.711966
0.564302
0.857288
0.610129
0.116321
0.964970
0.269808
0.668471
0.372897
0.915327
0.491735
0.150548
0.248235
0.510386
0.435022
0.689648
0.254877
0.371525
0.859131
0.215380
0.878497
0.144263
0.017341
0.688786
0.669332
0.835455
0.744688
0.137253
0.801588
0.678276
0.833896
0.513554
0.242579
0.691184
0.123683
0.358899
0.656155
0.393491
0.027370
0.029052
0.308818
0.519105
0.179601
0.557052
0.029492
0.614622
0.246700
0.284369
0.986147
0.105832
0.499749
0.864644
0.250095
0.517089
0.553430
0.919427
0.352544
0.298118
0.056680
0.154132
0.976395
0.890576
0.667687
0.218973
0.581761
0.791370
0.577872
0.237915
0.184861
0.605243
0.266967
0.493678
0.124348
0.446568
0.050731
0.153840
0.061190
0.297431
0.438209
0.047337
0.403262
0.937957
0.911982
0.653357
0.455046
0.465412
0.572784
0.807590
0.763530
0.629464
0.961723
0.739925
0.520040
0.629410
0.958898
0.101801
0.420780
0.536770
0.339716
0.605640
0.142013
0.606683
0.099318
0.266361
0.053251
0.150049
0.420201
0.114441
0.447480
0.858409
0.161778
0.850742
0.796366
0.073760
0.504099
0.251413
0.539171
0.076883
0.059003
0.302702
0.706347
0.020726
0.042626
0.226387
0.650136
0.001524
0.328187
0.070916
0.538295
0.667903
0.676556
0.680308
0.274586
0.775874
0.946669
0.327837
0.925923
0.366869
0.442278
0.373403
0.225279
0.604056
0.224145
0.021645
0.677816
0.728244
0.273058
0.216988
0.805127
0.332061
0.519689
0.511474
0.352787
0.562315
0.737861
0.002923
0.563840
0.066048
0.073839
0.102134
0.733952
0.750395
0.782442
0.008538
0.526269
0.729111
0.336375
0.452192
0.095980
0.778654
0.825594
0.321259
0.382710
0.049739
0.342904
0.060526
0.777983
0.615962
0.277514
0.583110
0.948023
0.797203
0.094584
0.300810
0.359518
0.832445
0.303734
0.923358
0.898494
0.377573
0.025492
0.632445
0.127967
0.807934
0.640983
0.654236
0.537045
0.977358
0.106428
0.633026
0.756012
0.932022
0.954285
0.138722
0.981760
0.297189
0.199248
0.759743
0.913150
0.476762
0.342853
0.861174
0.273965
0.437437
0.161984
0.633483
0.269882
0.465718
0.556841
0.168375
0.843291
0.582333
0.800821
0.971258
0.390267
0.441804
0.625494
0.927313
0.419162
0.731922
0.560338
0.175174
0.663944
0.514623
0.313897
0.645704
0.811811
0.513145
0.405447
0.724962
0.989907
0.748300
0.586135
0.263872
0.185737
0.748119
0.897355
0.455619
0.213837
0.454196
0.623994
0.057127
0.036528
0.424815
0.028385
0.426796
0.866619
0.653880
0.354108
0.285781
0.385802
0.914447
0.460955
0.049745
0.429069
0.774852
0.695449
0.240881
0.287996
0.100897
0.965842
0.277903
0.849197
0.551978
0.541775
0.034934
0.300097
0.439130
0.490552
0.513934
0.893326
0.114547
0.571061
0.929854
0.539361
0.599447
0.356650
0.405980
0.253326
0.710758
0.691761
0.639128
0.625205
0.152716
0.688873
0.054274
0.927567
0.384323
0.295155
0.215564
0.485219
0.260997
0.493467
0.334416
0.812975
0.035243
0.369349
0.113071
0.474373
0.859902
0.627005
0.367699
0.974448
0.198066
0.297553
0.513810
0.797513
0.654203
0.919790
0.050839
0.364961
0.611551
0.689967
0.990166
0.764266
0.378840
0.044440
0.691833
0.763163
0.339595
0.907397
0.248382
0.600592
0.400864
0.582798
0.413567
0.436107
0.952147
0.526638
0.910479
0.812049
0.153643
0.278178
0.786497
0.351709
0.575731
0.300307
0.149222
0.229934
0.220097
0.200061
0.594895
0.831648
0.890028
0.585061
0.595914
0.268868
0.629501
0.287747
0.032031
0.969096
0.195145
0.280412
0.569688
0.596009
0.863210
0.983255
0.032116
0.815357
0.509893
0.942595
0.627406
0.663536
0.220773
0.413903
0.015246
0.796504
0.714210
0.164468
0.026437
0.934307
0.364529
0.621332
0.765955
0.254557
0.206393
0.361869
0.523425
0.835894
0.649616
0.555455
0.804990
0.844761
0.835868
0.374678
0.440769
0.699078
0.357933
0.472885
0.514434
0.867827
0.415480
0.141840
0.531363
0.636253
0.555743
0.546609
0.432757
0.269953
0.711076
0.459194
0.204260
0.075605
0.080526
0.970214
0.330161
0.286919
0.332083
0.853586
0.122813
0.981699
0.409042
0.927803
0.826460
0.244909
0.302481
0.267229
0.943987
0.660414
0.740114
0.458421
0.528241
0.155594
0.600261
0.059604
0.791847
0.156004
0.606213
0.224604
0.425957
0.317289
0.683798
0.630216
0.392893
0.764324
0.600431
0.723055
0.051243
0.932514
0.576641
0.174056
0.914213
0.985683
0.101858
0.740672
0.230592
0.404339
0.007901
0.174579
0.064754
0.748015
0.633000
0.592995
0.903609
0.233261
0.652599
0.695456
0.389265
0.258811
0.920059
0.815222
0.576100
0.603857
0.445438
0.968994
0.368181
0.045869
0.692049
0.419424
0.978382
0.268690
0.593480
0.892595
0.254372
0.695338
0.633267
0.484964
0.099677
0.641168
0.659543
0.164431
0.389183
0.292543
0.757426
0.292792
0.525804
0.410024
0.988247
0.915069
0.668836
0.908307
0.730291
0.244936
0.512164
0.175728
0.213930
0.880345
0.221597
0.905978
0.299769
0.199979
0.174668
0.893249
0.092574
0.429040
0.588587
0.725841
0.914005
0.688264
0.367010
0.573548
0.852695
0.756193
0.866091
0.610121
0.048985
0.391895
0.020145
0.037232
0.306964
0.688981
0.945539
0.037254
0.933917
0.457703
0.212983
0.147846
0.338048
0.434580
0.053825
0.637817
0.634559
0.228493
0.531066
0.727134
0.657533
0.119654
0.452975
0.571537
0.807918
0.819985
0.145085
0.660613
0.576178
0.011176
0.270733
0.625162
0.403070
0.290879
0.662394
0.710034
0.979859
0.607933
0.747288
0.913776
0.065636
0.960271
0.061623
0.403684
0.394851
0.115447
0.041501
0.029410
0.343940
0.572568
0.756544
0.001473
0.692221
0.209519
0.573010
0.500139
0.029504
0.718096
0.160752
0.605681
0.729271
0.431485
0.230843
0.132342
0.722364
0.893238
0.842376
0.702223
0.501171
0.589664
0.616000
0.566806
0.549935
0.677622
0.970490
0.944786
0.793070
0.011991
0.974196
0.137010
0.584559
0.730740
0.138483
0.276780
0.940259
0.711493
0.776919
0.969763
0.429589
0.937671
0.575444
0.158860
0.369156
0.806287
0.291202
0.091520
0.699525
0.133578
0.793744
0.200696
0.723242
0.409743
0.767502
0.273178
0.087366
0.737992
0.217964
0.880435
0.749983
0.192160
0.017445
0.334543
0.922900
0.155928
0.611323
0.863159
0.867422
0.388242
0.832922
0.297011
0.325913
0.408366
0.455871
0.695070
0.214653
0.747073
0.786590
0.914178
0.880651
0.580334
0.114874
0.603893
0.990077
0.882376
0.877071
0.077443
0.620368
0.095035
0.957878
0.370351
0.287195
0.975323
0.704894
0.210095
0.131252
0.316217
0.073254
0.998673
0.704459
0.906176
0.295684
0.030372
0.314541
0.751555
0.725442
0.529195
0.498628
0.512032
0.443373
0.379279
0.092366
0.558247
0.983173
0.082443
0.440622
0.860244
0.159885
0.060990
0.955278
0.117763
0.431341
0.242473
0.093087
0.136235
0.452568
0.224338
0.452452
0.525822
0.223012
0.156911
0.431997
0.518695
0.187283
0.746539
0.270250
0.912725
0.275733
0.768878
0.424757
0.719106
0.148157
0.517122
0.277353
0.131330
0.599565
0.717975
0.991573
0.759450
0.778965
0.946852
0.877214
0.210307
0.189325
0.970300
0.346542
0.641893
0.194638
0.798994
0.167715
0.417650
0.955904
0.599712
0.936345
0.143187
0.346251
0.206595
0.055912
0.621984
0.975474
0.480669
0.341090
0.123631
0.997791
0.618442
0.254960
0.597356
0.336417
0.246534
0.356807
0.115382
0.193385
0.234020
0.325689
0.382710
0.204320
0.672231
0.024603
0.398958
0.471224
0.192318
0.816608
0.427129
0.792029
0.752954
0.570316
0.138280
0.959549
0.626228
0.760264
0.935023
0.106897
0.101354
0.058653
0.104688
0.719796
0.313614
0.702044
0.056213
0.560147
0.058850
0.171596
0.753533
0.292871
0.497285
0.136243
0.497191
0.169516
0.160846
0.896149
0.640740
0.353163
0.712758
0.067869
0.145193
0.465711
0.638185
0.283473
0.425260
0.264413
0.043737
0.360283
0.371309
0.145090
0.418937
0.475997
0.864886
0.732550
0.178041
0.921100
0.292698
0.236892
0.092696
0.046230
0.529762
0.589980
0.182473
0.026953
0.759496
0.343319
0.923102
0.400236
0.696483
0.635860
0.468105
0.841676
0.101571
0.106290
0.125148
0.526831
0.370702
0.168885
0.887114
0.742012
0.313976
0.306051
0.218009
0.178862
0.038601
0.396050
0.099962
0.331299
0.632942
0.192658
0.377529
0.162704
0.782638
0.560003
0.189657
0.542134
0.903322
0.112759
0.942370
0.599804
0.748618
0.410475
0.441480
0.850189
0.516765
0.566628
0.377020
0.887467
0.735514
0.264134
0.629479
0.049489
0.570185
0.847488
0.228351
0.608787
0.243538
0.328313
0.940085
0.876480
0.520971
0.317615
0.039183
0.303609
0.877617
0.228840
0.845743
0.780939
0.341599
0.788114
0.380743
0.090217
0.198589
0.822223
0.940406
0.715353
0.388852
0.317426
0.602820
0.124365
0.581560
0.232299
0.173854
0.151745
0.079787
0.402206
0.760532
0.323325
0.730519
0.700618
0.199804
0.251490
0.018232
0.238988
0.555100
0.895850
0.467828
0.400843
0.676789
0.809427
0.188957
0.057532
0.899643
0.387545
0.879756
0.840049
0.102898
0.268607
0.157475
0.705719
0.392972
0.739035
0.938018
0.566827
0.890780
0.017805
0.969033
0.651313
0.341130
0.699552
0.351930
0.540934
0.951043
0.370162
0.779922
0.506142
0.266012
0.247750
0.906985
0.942801
0.057177
0.095942
0.000333
0.956820
0.483487
0.880089
0.796869
0.586385
0.148696
0.954344
0.292104
0.541668
0.693379
0.230122
0.108495
0.584160
0.247927
0.077528
0.235472
0.589057
0.777080
0.587402
0.129991
0.728123
0.957565
0.909914
0.234265
0.223577
0.157664
0.141250
0.166378
0.214841
0.237191
0.166711
0.171661
0.720678
0.046800
0.968530
0.307063
0.195496
0.922875
0.599167
0.737164
0.616254
0.829289
0.845659
0.200414
0.077216
0.923187
0.435886
0.666273
0.700267
0.023288
0.796265
0.428390
0.980853
0.706178
0.662655
0.204430
0.863842
0.803904
0.370807
0.078683
0.041096
0.537518
0.250344
0.761774
0.584318
0.218875
0.068837
0.779813
0.141749
0.668004
0.516977
0.758003
0.497293
0.362637
0.958417
0.574510
0.285824
0.394303
0.240783
0.986091
0.417591
0.037048
0.414481
0.398444
0.743226
0.077135
0.602874
0.607069
0.881040
0.973681
0.685752
0.922135
0.511200
0.936096
0.683909
0.095517
0.154971
0.752746
0.875331
0.296720
0.420750
0.392308
0.054724
0.918044
0.754945
0.013141
0.492553
0.040769
0.407444
0.733336
0.026860
0.825035
0.770383
0.441341
0.223480
0.513609
0.518476
0.826354
0.120678
0.399516
0.800035
0.806430
0.321651
0.311234
0.742526
0.005561
0.406752
0.897497
0.758307
0.282083
0.194217
0.179057
0.674391
0.248940
0.097100
0.429336
0.262081
0.589653
0.470105
0.669525
0.322989
0.496965
0.494560
0.093373
0.938306
0.718040
0.606982
0.456782
0.544394
0.727660
0.856298
0.344428
0.534090
0.177950
0.655663
0.276616
0.183510
0.062415
0.174112
0.941817
0.344498
0.368329
0.120874
0.018889
0.617269
0.217974
0.448226
0.879351
0.807628
0.918331
0.548876
0.130617
0.415296
0.043436
0.223990
0.353602
0.761476
0.830972
0.810385
0.305870
0.558633
0.666683
0.650298
0.092723
0.844633
0.305961
0.369338
0.028143
0.368376
0.543451
0.969960
0.712874
0.911780
0.090834
0.731763
0.529049
0.308808
0.179989
0.408400
0.116436
0.098320
0.957276
0.247053
0.513616
0.000712
0.471043
0.867219
0.762189
0.302016
0.677603
0.068059
0.860648
0.344286
0.718357
0.953371
0.188919
0.024319
0.322709
0.217062
0.392695
0.866160
0.187022
0.105569
0.777939
0.277855
0.837333
0.306989
0.586664
0.017322
0.715389
0.703100
0.115642
0.672664
0.950153
0.629258
0.673377
0.421197
0.496477
0.435566
0.723212
0.174081
0.503624
0.583860
0.518367
0.221982
0.537231
0.707286
0.246300
0.859940
0.924347
0.638996
0.726100
0.111369
0.744565
0.504039
0.389224
0.581897
0.811028
0.975888
0.599219
0.526416
0.678988
0.714861
0.199081
0.629141
0.344120
0.872458
0.050338
0.840597
0.308023
0.773550
0.014678
0.811648
0.357410
0.533044
0.033629
0.894641
0.240330
0.279930
0.754581
0.164678
0.918925
0.480681
0.276047
0.663490
0.984720
0.665271
0.245388
0.795748
0.641159
0.844607
0.322164
0.320147
0.559468
0.521245
0.949288
0.903588
0.393703
0.999626
0.744184
0.701726
0.773175
0.758862
0.513374
0.130585
0.291907
0.547004
0.025226
0.532237
0.826933
0.779808
0.696914
0.745859
0.260489
0.972961
0.409349
0.245209
0.638232
0.654736
0.040957
0.279391
0.499343
0.363121
0.599538
0.058811
0.884366
0.548826
0.962399
0.278069
0.548452
0.706583
0.979796
0.321627
0.465445
0.493170
0.452213
0.757352
0.040173
0.477439
0.289588
0.867107
0.257247
0.986503
0.612966
0.517735
0.959464
0.022315
0.762944
0.597696
0.677051
0.803901
0.877087
0.176394
0.167022
0.476626
0.235205
0.051388
0.025452
0.197604
0.329458
0.573904
0.904187
0.309253
0.895531
0.369632
0.802423
0.347744
0.126984
0.842597
0.825183
0.416572
0.709703
0.082430
0.403075
0.322669
0.600165
0.362539
0.344984
0.363109
0.960235
0.022035
0.167009
0.837323
0.198429
0.334031
0.313948
0.433634
0.385419
0.339401
0.631238
0.714876
0.913305
0.535426
0.024130
0.808836
0.905058
0.826553
0.156580
0.032042
0.669150
0.981763
0.448614
0.378853
0.064193
0.851689
0.701522
0.664358
0.214229
0.046506
0.027466
0.174464
0.068541
0.194475
0.011787
0.266970
0.528506
0.325735
0.700604
0.913925
0.665136
0.331843
0.628802
0.578440
0.867268
0.652931
0.387276
0.772326
0.479484
0.543856
0.804368
0.148634
0.525619
0.252982
0.527487
0.589812
0.104671
0.229009
0.254169
0.318900
0.275515
0.281636
0.493364
0.344056
0.476111
0.505151
0.611026
0.004617
0.830886
0.311630
0.918543
0.496022
0.643473
0.547344
0.074463
0.510741
0.200275
0.461739
0.283067
0.679760
0.005595
0.087435
0.828394
0.531214
0.340417
0.355881
0.121026
0.445088
0.584890
0.375196
0.763988
0.860406
0.656832
0.257353
0.204462
0.132943
0.762504
0.815488
0.137560
0.593390
0.127118
0.056103
0.089412
0.770591
0.603447
0.163875
0.281332
0.803722
0.625614
0.564399
0.483482
0.631209
0.651833
0.311876
0.162423
0.992250
0.667757
0.283450
0.437339
0.252647
0.658645
0.201327
0.113053
0.315477
0.458680
0.317515
0.448420
0.221183
0.133003
0.585980
0.814573
0.260121
0.642083
0.903985
0.030712
0.245530
0.067860
0.312043
0.049252
0.693473
0.876442
0.532734
0.324682
0.528275
0.844610
0.487105
0.520526
0.512367
0.770555
0.957864
0.765014
0.429200
0.159191
0.878067
0.744677
0.617871
0.195582
0.193097
0.839054
0.328585
0.779076
0.653628
0.588705
0.421159
0.557613
0.619417
0.666689
0.625473
0.931460
0.715941
0.318946
0.807902
0.248675
0.643629
0.336177
0.093285
0.130734
0.856703
0.605652
0.901289
0.814567
0.370666
0.330489
0.973758
0.248733
0.075166
0.591629
0.444315
0.268263
0.430684
0.772899
0.047339
0.084311
0.361605
0.468498
0.641924
0.981021
0.135187
0.267397
0.912482
0.851127
0.586344
0.720384
0.099802
0.229972
0.056561
0.193087
0.360706
0.913264
0.798739
0.261995
0.727831
0.169405
0.592484
0.701589
0.418137
0.667650
0.293219
0.862452
0.935913
0.723903
0.635351
0.983252
0.808214
0.996955
0.451750
0.450138
0.977977
0.586936
0.717535
0.890458
0.438064
0.303879
0.610842
0.537866
0.533851
0.667403
0.730953
0.894557
0.580667
0.529692
0.156552
0.308497
0.699096
0.749036
0.010087
0.117234
0.416686
0.303306
0.979685
0.352598
0.027208
0.615036
0.335850
0.835422
0.611992
0.787600
0.285561
0.589969
0.374536
0.003096
0.480427
0.812600
0.306975
0.091269
0.350466
0.840826
0.758672
0.081418
0.735383
0.339338
0.611110
0.891935
0.647836
0.310206
0.640971
0.657923
0.427440
0.057657
0.961228
0.407125
0.410255
0.988437
0.022162
0.746105
0.823859
0.634153
0.533704
0.109420
0.224122
0.908240
0.112516
0.704549
0.720840
0.419491
0.795818
0.071305
0.260317
0.554490
0.152724
0.995701
0.893828
0.763834
0.887636
0.541664
0.074040
0.528607
0.199587
0.501480
0.586264
0.160815
0.908606
0.996518
0.149252
0.930767
0.742623
0.973111
0.564921
0.276327
0.082531
0.789043
0.184567
0.195047
0.493592
0.905407
0.614538
0.289410
0.976713
0.874856
0.843900
0.129437
0.870557
0.737728
0.893271
0.758193
0.279392
0.967311
0.286800
0.478979
0.468791
0.873063
0.639795
0.377397
0.869582
0.789047
0.308164
0.612205
0.762158
0.873085
0.888532
0.844689
0.662127
0.073099
0.039737
0.155719
0.978506
0.654275
0.445130
0.955219
0.529131
0.289030
0.084656
0.399688
0.026758
0.977926
0.157880
0.306151
0.945237
0.444680
0.785130
0.414029
0.317743
0.424924
0.791426
0.187325
0.213971
0.099590
0.799530
0.976129
0.972675
0.688062
0.820818
0.634802
0.761161
0.860555
0.790522
0.739668
0.514830
0.235651
0.694887
0.043961
0.524681
0.779542
0.443648
0.551439
0.757469
0.601529
0.857589
0.702706
0.046209
0.642719
0.116735
0.363952
0.067644
0.908161
0.551277
0.281615
0.007751
0.350807
0.257744
0.980426
0.038869
0.078562
0.615228
0.800030
0.939117
0.405750
0.539697
0.453947
0.641401
0.234584
0.497908
0.166082
0.014126
0.941557
0.717520
0.771595
0.543085
0.575110
0.474302
0.589294
0.217829
0.591037
0.953246
0.285473
0.499198
0.504523
0.567087
0.506949
0.855330
0.824831
0.487375
0.894199
0.903394
0.102602
0.694228
0.842511
0.508352
0.233925
0.296458
0.149753
0.468509
0.794367
0.315834
0.482636
0.735923
0.033355
0.254231
0.279008
0.608464
0.728532
0.868302
0.826293
0.319569
0.821548
0.111766
0.818767
0.326071
0.678853
0.325716
0.181401
0.503685
0.813090
0.075599
0.407078
0.915693
0.769828
0.249589
0.424045
0.003753
0.546048
0.573797
0.472262
0.340414
0.889632
0.954898
0.076338
0.922986
0.209129
0.355346
0.531451
0.937661
0.223648
0.357744
0.257230
0.045196
0.469510
0.075997
0.371267
0.148363
0.401713
0.552668
0.652047
0.214803
0.628268
0.059126
0.130496
0.398095
0.308715
0.554541
0.401848
0.854763
0.128338
0.874111
0.195177
0.017969
0.829009
0.271515
0.940956
0.038138
0.626861
0.472406
0.975799
0.850509
0.830150
0.233029
0.895705
0.299660
0.309027
0.266973
0.448023
0.710740
0.819641
0.100070
0.925543
0.447908
0.159196
0.056039
0.846004
0.467911
0.610579
0.247852
0.322674
0.738917
0.121963
0.517851
0.756887
0.950972
0.789366
0.697842
0.989109
0.416227
0.170249
0.964908
0.266737
0.000399
0.197938
0.162442
0.300058
0.506964
0.429414
0.748081
0.217704
0.249055
0.848151
0.143247
0.696964
0.007347
0.199285
0.542967
0.475258
0.809865
0.790819
0.797932
0.548782
0.912782
0.315783
0.305669
0.863753
0.105149
0.003511
0.852863
0.521377
0.173759
0.817771
0.788113
0.174158
0.015709
0.950555
0.474216
0.522673
0.379970
0.222297
0.740377
0.629025
0.070448
0.883623
0.325988
0.077795
0.082909
0.868956
0.553052
0.892773
0.659775
0.350984
0.441555
0.572556
0.666767
0.747224
0.436310
0.771917
0.750735
0.289173
0.293293
0.924494
0.106944
0.081407
0.098652
0.122653
0.031962
0.572868
0.645326
0.411932
0.795165
0.385702
0.040957
0.865614
0.269326
0.366946
0.943408
0.352235
0.235901
0.496461
0.245008
0.895676
0.847445
0.686563
0.468232
0.514212
0.433787
0.904542
0.286128
0.184522
0.193715
0.579422
0.109016
0.300659
0.660829
0.207668
0.423311
0.692791
0.780536
0.068637
0.104723
0.575701
0.454340
0.145680
0.441315
0.723665
0.512626
0.384723
0.075900
0.748527
0.881184
0.320908
0.644203
0.728629
0.007471
0.112435
0.242840
0.441258
0.016977
0.528969
0.625780
0.210692
0.108390
0.734795
0.511350
0.769219
0.942463
0.934662
0.462010
0.722999
0.003299
0.566733
0.298700
0.457638
0.712413
0.740015
0.181304
0.225038
0.124738
0.257204
0.973565
0.005922
0.578112
0.617768
0.734551
0.585583
0.730202
0.977391
0.026841
0.747179
0.506360
0.652621
0.957871
0.614750
0.387416
0.469221
0.383969
0.329879
0.403883
0.845979
0.052878
0.407182
0.412712
0.351578
0.864820
0.125124
0.091593
0.046124
0.350163
0.216331
0.303328
0.323728
0.222254
0.881440
0.941495
0.956805
0.467023
0.671698
0.934196
0.493864
0.418877
0.440556
0.146485
0.376748
0.055306
0.533901
0.845969
0.439275
0.863780
0.249852
0.285254
0.916658
0.657034
0.697965
0.268236
0.521854
0.823090
0.359829
0.567979
0.173252
0.576160
0.871307
0.496980
0.798414
0.752747
0.438476
0.755219
0.219770
0.110174
0.689415
0.713635
0.529050
0.129971
0.860120
0.905798
0.185276
0.394021
0.751767
0.624551
0.257801
0.001619
0.909805
0.174459
0.658653
0.607770
0.442695
0.180508
0.430860
0.802524
0.748487
0.604112
0.378685
0.619794
0.101093
0.177099
0.372541
0.539568
0.932318
0.592311
0.649742
0.621733
0.305945
0.178792
0.751703
0.166065
0.084591
0.936980
0.560086
0.836358
0.561531
0.817888
0.837977
0.471337
0.992347
0.496631
0.079107
0.435043
0.677139
0.509967
0.237567
0.425625
0.114080
0.616252
0.045419
0.215172
0.793351
0.417960
0.754741
0.725669
0.010270
0.404483
0.347402
0.316216
0.583275
0.099106
0.482281
0.667866
0.036086
0.042368
0.504223
0.597617
0.860256
0.342201
0.068954
0.852603
0.838831
0.148061
0.287646
0.515970
0.658028
0.525213
0.941595
0.772108
0.141465
0.987014
0.987280
0.934816
0.404974
0.742021
0.660485
0.415244
0.146503
0.007887
0.731460
0.729778
0.106993
0.213741
0.397644
0.143079
0.256109
0.901867
0.740696
0.116364
0.244068
0.809649
0.968967
0.082899
0.957710
0.256613
0.598869
0.615737
0.781825
0.540464
0.387845
0.923290
0.527478
0.375125
0.858106
0.932452
0.117145
0.518591
0.347696
0.263649
0.526479
0.079156
0.993426
0.633472
0.292897
0.391070
0.776550
0.549005
0.292937
0.517246
0.665370
0.537005
0.326895
0.634337
0.619904
0.284605
0.890949
0.218773
0.900342
0.672775
0.759237
0.288187
0.596065
0.286716
0.663312
0.454171
0.219167
0.780457
0.972763
0.566863
0.044106
0.499241
0.646019
0.037532
0.132713
0.938915
0.428602
0.909264
0.487921
0.721539
0.426510
0.153290
0.258544
0.753405
0.787627
0.878448
0.038010
0.678576
0.097221
0.938352
0.351351
0.856458
0.226539
0.947416
0.143173
0.889851
0.401587
0.362341
0.670308
0.374349
0.929204
0.714414
0.873591
0.575223
0.751946
0.006304
0.514138
0.180548
0.915568
0.002058
0.902088
0.342078
0.155348
0.160632
0.095483
0.942975
0.039079
0.133492
0.621551
0.136300
0.071844
0.972902
0.992758
0.298383
0.920318
0.135932
0.188233
0.321904
0.498272
0.858541
0.696254
0.427476
0.572955
0.569845
0.002699
0.324901
0.576149
0.516837
0.505450
0.491717
0.518895
0.407537
0.833795
0.674244
0.568169
0.929278
0.617219
0.607249
0.062770
0.238770
0.743549
0.134614
0.211672
0.736307
0.432997
0.131989
0.872238
0.621230
0.453894
0.370511
0.479771
0.150148
0.797987
0.052727
0.719992
0.800686
0.377628
0.296141
0.317523
0.883077
0.787858
0.836418
0.290615
0.621654
0.510662
0.858784
0.550932
0.127881
0.466032
0.613702
0.366651
0.209581
0.748316
0.578322
0.945888
0.181313
0.710312
0.818126
0.802543
0.164206
0.188636
0.282314
0.314353
0.986624
0.335041
0.034346
0.787310
0.712669
0.330487
0.104833
0.595746
0.118345
0.941251
0.886361
0.739999
0.451913
0.745145
0.290931
0.579793
0.211177
0.904632
0.946444
0.420758
0.652948
0.524767
0.366646
0.834261
0.235078
0.184772
0.636804
0.399284
0.373409
0.919119
0.713637
0.360032
0.254160
0.747983
0.147342
0.966828
0.078470
0.252174
0.562574
0.196815
0.193425
0.448936
0.936814
0.645338
0.194080
0.227745
0.225131
0.405258
0.132377
0.171575
0.826016
0.785325
0.696342
0.192662
0.619586
0.931420
0.377434
0.256391
0.330704
0.750843
0.175509
0.044341
0.110875
0.429669
0.792324
0.258217
0.396497
0.870794
0.510391
0.959071
0.067609
0.703816
0.408007
0.004423
0.349153
0.602087
0.232168
0.574284
0.007345
0.364545
0.745860
0.833361
0.149870
0.442201
0.026024
0.769457
0.373621
0.403458
0.025847
0.704325
0.154301
0.201356
0.748666
0.265176
0.631025
0.540990
0.523393
0.027522
0.411784
0.033784
0.986593
0.479393
0.737599
0.394600
0.483816
0.086752
0.996687
0.715984
0.661037
0.004032
0.080529
0.406896
0.837394
0.230400
0.849098
0.863417
0.999857
0.222719
0.266876
0.025704
0.927045
0.421177
0.227060
0.675711
0.686353
0.858085
0.216701
0.209746
0.885607
0.628485
0.243530
0.872200
0.107878
0.981129
0.266800
0.591694
0.067881
0.263487
0.307679
0.728918
0.267519
0.388208
0.135814
0.104913
0.618607
0.984912
0.968330
0.618464
0.207631
0.235206
0.644168
0.134676
0.656383
0.871228
0.810387
0.342736
0.729314
0.027088
0.552482
0.614921
0.655573
0.796012
0.487121
0.763452
0.777140
0.753921
0.355146
0.845021
0.017408
0.662825
0.573939
0.284927
0.051033
0.709753
0.389840
0.669640
0.694665
0.358170
0.288104
0.902296
0.593376
0.932272
0.036972
0.249759
0.803500
0.847358
0.592494
0.532814
0.874446
0.144976
0.147735
0.530020
0.940988
0.634856
0.293471
0.718128
0.388777
0.648618
0.563149
0.406185
0.311443
0.137088
0.691112
0.362475
0.846842
0.080952
0.032115
0.541507
0.439122
0.320219
0.443803
0.032498
0.252490
0.480774
0.282256
0.055990
0.328132
0.874751
0.588804
0.202578
0.019727
0.736538
0.732598
0.960715
0.371394
0.026069
0.678843
0.760171
0.674687
0.241993
0.166356
0.986130
0.379081
0.857468
0.348605
0.225923
0.938420
0.380720
0.767429
0.377542
0.700939
0.211232
0.410040
0.953429
0.692006
0.692297
0.009419
0.020138
0.567048
0.598223
0.222717
0.586775
0.334762
0.955315
0.547490
0.706156
0.981384
0.226334
0.466326
0.656071
0.468327
0.632682
0.642201
0.847408
0.490150
0.990806
0.073331
0.428570
0.371526
0.840760
0.806112
0.072464
0.051992
0.216152
0.025893
0.743998
0.908448
0.035313
0.764136
0.475496
0.633536
0.986853
0.062271
0.968297
0.942168
0.609761
0.674453
0.923553
0.836095
0.140779
0.579624
0.304421
0.773461
0.221825
0.151829
0.263611
0.212631
0.225159
0.692180
0.584157
0.065919
0.498292
0.656621
0.117911
0.714444
0.682515
0.861909
0.622892
0.717827
0.626046
0.098388
0.351363
0.612899
0.160659
0.319660
0.555068
0.770420
0.994113
0.478620
0.606515
0.134893
0.058245
0.910936
0.908354
0.280070
0.062764
0.171964
0.492702
0.287924
0.864145
0.076859
0.353843
0.362437
0.733480
0.471755
0.076881
0.415995
0.333664
0.699773
0.133822
0.959710
0.798161
0.485185
0.572609
0.958820
0.804846
0.127677
0.729240
0.798959
0.606297
0.335755
0.933852
0.664542
0.246691
0.842206
0.944612
0.309455
0.014170
0.437314
0.597379
0.878315
0.514172
0.951222
0.240752
0.247653
0.422977
0.317633
0.663648
0.756641
0.017406
0.797470
0.716351
0.815567
0.282655
0.288960
0.774388
0.087501
0.416637
0.503628
0.886461
0.022934
0.839383
0.820313
0.687476
0.086074
0.662518
0.632089
0.395529
0.676688
0.069403
0.992908
0.555003
0.583575
0.944130
0.795755
0.831228
0.367107
0.113387
0.494875
0.123748
0.130793
0.292345
0.840099
0.946360
0.575000
0.129059
0.720748
0.662502
0.545696
0.224376
0.548962
0.568631
0.063759
0.369275
0.256107
0.149833
0.031793
0.888196
0.545362
0.708481
0.957598
0.538270
0.263484
0.541173
0.482400
0.059239
0.372401
0.849507
0.172626
0.867276
0.973255
0.303419
0.159622
0.813354
0.249779
0.734622
0.942413
0.970527
0.397124
0.488109
0.194903
0.946086
0.056740
0.258662
0.315361
0.312847
0.408495
0.347154
0.201043
0.953857
0.055635
0.158641
0.492127
0.319119
0.699815
0.974526
0.378358
0.072216
0.824033
0.550984
0.939492
0.797288
0.854403
0.099114
0.610642
0.104182
0.833736
0.553055
0.074709
0.230859
0.041165
0.269612
0.176945
0.097905
0.528274
0.492306
0.410752
0.936769
0.839460
0.611795
0.890626
0.895095
0.770436
0.382753
0.214215
0.470251
0.357279
0.592573
0.542467
0.181312
0.143556
0.481959
0.978600
0.997959
0.581073
0.589243
0.102141
0.414809
0.142298
0.176850
0.645668
0.183463
0.446462
0.822614
0.281368
0.974736
0.314920
0.692120
0.911505
0.154381
0.303915
0.802132
0.049476
0.074351
0.184885
0.263691
0.544602
0.542164
0.856263
0.087069
0.723476
0.999820
0.569028
0.702076
0.997779
0.150102
0.291319
0.099920
0.564911
0.433617
0.276770
0.210579
0.617080
0.723233
0.033193
0.898448
0.697969
0.348113
0.590568
0.609474
0.502494
0.894483
0.411606
0.551970
0.968834
0.596491
0.815661
0.513436
0.138654
0.671924
0.600506
0.862130
0.671744
0.169534
0.564207
0.669523
0.319636
0.855526
0.769443
0.884546
0.289143
0.046213
0.095125
0.906223
0.769446
0.128318
0.804671
0.467415
0.476432
0.395239
0.076889
0.978926
0.289722
0.488495
0.530896
0.258556
0.084986
0.346556
0.771992
0.223640
0.018480
0.372498
0.085770
0.690224
0.542032
0.649977
0.359747
0.861668
0.505502
0.129190
0.746214
0.794645
0.175403
0.841339
0.700868
0.944849
0.969658
0.505539
0.412264
0.446089
0.900778
0.489153
0.425015
0.190500
0.977648
0.955911
0.449056
0.062634
0.302467
0.221049
0.286273
0.320947
0.593547
0.372043
0.011171
0.135579
0.022020
0.370918
0.997246
0.527522
0.500107
0.743460
0.322167
0.675511
0.584800
0.023035
0.620360
0.554458
0.528574
0.032624
0.000547
0.429352
0.521777
0.425562
0.619852
0.499425
0.381473
0.068908
0.562058
0.683939
0.289957
0.848332
0.004886
0.883504
0.220375
0.016057
0.019082
0.242395
0.386975
0.016329
0.769917
0.887082
0.759789
0.092085
0.562593
0.344589
0.115120
0.182953
0.899046
0.643695
0.215576
0.899593
0.073047
0.737353
0.325155
0.692899
0.236778
0.706628
0.761808
0.798836
0.390567
0.051765
0.647168
0.395454
0.935269
0.867543
0.411511
0.954351
0.109938
0.798486
0.970680
0.879856
0.685568
0.730469
0.971941
0.248161
0.075057
0.087061
0.431114
0.974103
0.730756
0.646690
0.873697
0.803802
0.384043
0.198852
0.496702
0.620821
0.905480
0.258510
0.419657
0.296047
0.310274
0.066825
0.691501
0.245543
0.934369
0.103012
0.199894
0.044307
0.901497
0.170574
0.924163
0.587066
0.901042
0.896104
0.835227
0.976099
0.983164
0.266340
0.950203
0.713920
0.913030
0.823900
0.517722
0.297073
0.022752
0.014424
0.917894
0.928231
0.272934
0.337552
0.224278
0.583208
0.404377
0.915779
0.828751
0.338745
0.018791
0.028645
0.383052
0.920288
0.199219
0.307215
0.507354
0.100261
0.203319
0.342580
0.076361
0.186483
0.608921
0.026563
0.900403
0.521951
0.850463
0.418126
0.819024
0.873215
0.432550
0.736919
0.801446
0.705484
0.074470
0.025724
0.288692
0.478847
0.941503
0.117443
0.817592
0.960294
0.146089
0.200645
0.880582
0.345307
0.507860
0.387936
0.445569
0.711179
0.730516
0.521929
0.897662
0.339437
0.548493
0.798065
0.861388
0.398956
0.216191
0.680412
0.272170
0.648741
0.417331
0.073616
0.354225
0.491801
0.099341
0.642917
0.970648
0.040844
0.760360
0.788240
0.001138
0.906449
0.988885
0.881720
0.251756
0.496745
0.269656
0.697325
0.207924
0.000172
0.219254
0.105586
0.339609
0.767746
0.903652
0.200997
0.166702
0.119843
0.881409
0.438872
0.768584
0.298740
0.512488
0.122809
0.790541
0.611829
0.765726
0.761189
0.652673
0.526087
0.549429
0.653811
0.432536
0.538314
0.535531
0.684292
0.035060
0.805186
0.381617
0.242984
0.805359
0.600871
0.348570
0.144968
0.368617
0.252222
0.345965
0.535319
0.372065
0.227374
0.974191
0.140650
0.526115
0.486680
0.263459
0.316656
0.098508
0.029185
0.077845
0.751181
0.555272
0.627274
0.404992
0.987808
0.165588
0.940522
0.672100
0.200648
0.745709
0.053716
0.443632
0.551067
0.654587
0.792202
0.696035
0.023204
0.044424
0.042000
0.558523
0.416489
0.269374
0.532714
0.557139
0.795489
0.019394
0.820598
0.112145
0.117902
0.849783
0.189989
0.869083
0.405055
0.817263
0.274075
0.392863
0.982851
0.214597
0.064963
0.183499
0.960306
0.118679
0.627131
0.511373
0.773266
0.419333
0.207408
0.796470
0.463757
0.249408
0.354993
0.880246
0.518783
0.887708
0.437385
0.314271
0.907101
0.257983
0.426416
0.025003
0.107766
0.616405
0.894087
0.512821
0.433668
0.168161
0.905685
0.416520
0.382759
0.970647
0.600019
0.343065
0.089327
0.227150
0.854438
0.862593
0.646482
0.061847
0.659064
0.110239
0.311255
0.014057
0.990485
0.830037
0.901765
0.427869
0.144309
0.808866
0.685852
0.570725
0.833869
0.793618
0.187130
0.727956
0.306439
0.620798
0.896117
0.212124
0.037318
0.278876
0.182771
0.637337
0.621941
0.272098
0.864487
0.476379
0.134691
0.510969
0.538225
0.793755
0.621208
0.849480
0.807812
0.611692
0.679518
0.709576
0.039562
0.823826
0.518442
0.725413
0.394551
0.352312
0.519031
0.581681
0.080268
0.825470
0.202479
0.976385
0.037594
0.239798
0.255261
0.220365
0.877135
0.877202
0.492462
0.741622
0.353581
0.627153
0.252591
0.891806
0.420908
0.873799
0.741286
0.228719
0.485492
0.420804
0.938296
0.525053
0.244630
0.456738
0.250467
0.639181
0.809050
0.769498
0.220862
0.889317
0.594968
0.423342
0.865702
0.632562
0.663139
0.120964
0.852927
0.540275
0.998165
0.345389
0.281897
0.351746
0.972542
0.534488
0.243552
0.393450
0.408287
0.984838
0.622170
0.893779
0.405642
0.560465
0.418833
0.650272
0.017203
0.669300
0.289453
0.826253
0.438798
0.510315
0.715570
0.033766
0.933657
0.581273
0.666328
0.596796
0.702236
0.519254
0.137071
0.700402
0.864643
0.418967
0.052148
0.837186
0.953455
0.295700
0.230636
0.361743
0.280538
0.852806
0.255522
0.686180
0.413271
0.674354
0.336452
0.430475
0.343654
0.625904
0.256728
0.782452
0.136219
0.972298
0.816218
0.069876
0.553571
0.482545
0.666672
0.255808
0.001800
0.803743
0.956210
0.866443
0.222710
0.008357
0.703629
0.176166
0.304057
0.934265
0.537908
0.584595
0.787071
0.793430
0.270775
0.200343
0.467785
0.607227
0.630818
0.811439
0.233131
0.887546
0.593890
0.369350
0.859844
0.410108
0.439227
0.413415
0.892654
0.105899
0.669223
0.894454
0.909642
0.625433
0.760897
0.132352
0.633790
0.464526
0.308518
0.937847
0.398792
0.846426
0.522442
0.185863
0.639856
0.793217
0.386206
0.107641
0.400444
0.017024
0.919080
0.633575
0.904569
0.512970
0.002925
0.764413
0.923078
0.442152
0.177829
0.815732
0.548051
0.847052
0.710185
0.457693
0.472484
0.471082
0.590045
0.106274
0.935609
0.898562
0.044122
0.334400
0.744988
0.566564
0.520263
0.384844
0.359782
0.906469
0.492485
0.760226
0.923493
0.411565
0.393801
0.828062
0.924535
0.396726
0.592475
0.847614
0.838878
0.770304
0.663345
0.386929
0.617356
0.373531
0.844622
0.089840
0.844613
0.434666
0.196114
0.780222
0.333229
0.240236
0.114622
0.078217
0.806800
0.634885
0.463061
0.166582
0.541355
0.955547
0.926808
0.464847
0.367112
0.320608
0.292909
0.291647
0.717334
0.885384
0.139261
0.556212
0.655688
0.802606
0.943142
0.273044
0.176137
0.787763
0.362884
0.020750
0.222430
0.558998
0.800972
0.555658
0.799234
0.915594
0.633875
0.606034
0.550479
0.096937
0.772616
0.091834
0.052483
0.699424
0.556681
0.419595
0.020032
0.849590
0.711242
0.737366
0.734974
0.850503
0.293579
0.390663
0.653109
0.236720
0.663706
0.829246
0.024484
0.026590
0.849996
0.246913
0.585588
0.650967
0.802572
0.384822
0.566561
0.436447
0.990856
0.117040
0.533384
0.763472
0.208873
0.585867
0.462896
0.765554
0.005462
0.482928
0.615144
0.716704
0.220294
0.350119
0.567207
0.513872
0.740782
0.220315
0.750593
0.404488
0.049561
0.775076
0.431078
0.899557
0.021990
0.016665
0.550524
0.824561
0.401487
0.117085
0.261008
0.392343
0.234125
0.794392
0.155815
0.442998
0.380259
0.618710
0.208553
0.385721
0.101638
0.823697
0.102425
0.321932
0.173816
0.669631
0.835804
0.914597
0.889947
0.586397
0.319085
0.939508
0.361473
0.750163
0.839064
0.383462
0.766828
0.389588
0.208024
0.168315
0.506673
0.469032
0.560658
0.740798
0.263424
0.716473
0.183796
0.643683
0.335183
0.392349
0.029404
0.436821
0.216046
0.131829
0.758752
0.389862
0.801460
0.594556
0.304459
0.691406
0.180953
0.623545
0.630914
0.542426
0.373708
0.469978
0.925888
0.140536
0.859567
0.133912
0.308851
0.366240
0.602944
0.869509
0.107038
0.866369
0.585982
0.290835
0.510052
0.921165
0.683184
0.539456
0.357986
0.899230
0.671284
0.116738
0.289092
0.472744
0.711294
0.593551
0.164150
0.892247
0.217096
0.795064
0.434673
0.590803
0.265043
0.360561
0.731339
0.124610
0.494473
0.040190
0.490850
0.097417
0.909699
0.597888
0.963786
0.495681
0.888723
0.473838
0.416846
0.571907
0.013293
0.774832
0.471136
0.684578
0.891570
0.760228
0.157322
0.602864
0.353779
0.321472
0.495111
0.570875
0.116537
0.929784
0.161678
0.381580
0.290345
0.893017
0.506189
0.784817
0.933208
0.997039
0.882235
0.842907
0.594927
0.846020
0.338588
0.483650
0.319858
0.755434
0.055557
0.333151
0.530266
0.526694
0.017729
0.421835
0.286922
0.175051
0.024699
0.640701
0.496523
0.519810
0.211576
0.613060
0.449593
0.373254
0.994640
0.739938
0.266271
0.500829
0.524755
0.199479
0.497868
0.406990
0.042386
0.092796
0.253010
0.380974
0.576446
0.572868
0.136408
0.632003
0.906019
0.666674
0.158697
0.923748
0.088509
0.445619
0.098798
0.113208
0.086320
0.595322
0.633018
0.297895
0.208382
0.082611
0.671149
0.203021
0.822549
0.937421
0.703850
0.347304
0.136899
0.201719
0.754294
0.179285
0.294514
0.007304
0.560259
0.870961
0.580172
0.696667
0.502964
0.486191
0.363340
0.661661
0.409938
0.451850
0.107279
0.508737
0.565058
0.193599
0.104058
0.198076
0.491494
0.312440
0.280687
0.162644
0.515461
0.103236
0.100064
0.219311
0.450541
0.236963
0.421030
0.204835
0.416248
0.715544
0.212139
0.976507
0.586505
0.792311
0.673173
0.089469
0.278501
0.036514
0.751129
0.688440
0.488364
0.858409
0.197177
0.053421
0.052007
0.301235
0.251497
0.543502
0.613675
0.532184
0.706145
0.129136
0.635421
0.806209
0.348447
0.085961
0.043173
0.769477
0.290796
0.459421
0.485022
0.502935
0.435928
0.071526
0.295245
0.109101
0.160995
0.573747
0.145615
0.912124
0.262186
0.633978
0.770533
0.459363
0.687400
0.822540
0.760598
0.938897
0.366042
0.374273
0.471081
0.072187
0.503409
0.106502
0.878396
0.851856
0.192463
0.921569
0.621334
0.483259
0.380989
0.106355
0.986194
0.816917
0.177881
0.281439
0.926018
0.338876
0.855186
0.071633
0.251000
0.117373
0.705611
0.021533
0.576736
0.393010
0.844073
0.337334
0.331907
0.210115
0.711606
0.802989
0.282301
0.215015
0.909490
0.160697
0.066871
0.101954
0.082266
0.688205
0.585213
0.463255
0.794560
0.571407
0.280172
0.972442
0.852846
0.206190
0.311318
0.708032
0.277822
0.562318
0.825405
0.983433
0.583852
0.402141
0.376444
0.427925
0.739474
0.708351
0.638039
0.451081
0.511339
0.920341
0.666096
0.420830
0.081038
0.732967
0.522783
0.163304
0.421172
0.107996
0.626560
0.215732
0.679403
0.906732
0.188174
0.532249
0.112922
0.499492
0.240281
0.390744
0.061810
0.065686
0.374177
0.645662
0.467827
0.750621
0.073587
0.207302
0.458972
0.711626
0.658382
0.970311
0.631967
0.324478
0.391141
0.713005
0.057446
0.913924
0.876310
0.478618
0.021920
0.502869
0.694350
0.701323
0.409601
0.882524
0.233572
0.522523
0.382016
0.473854
0.913267
0.443827
0.539540
0.287444
0.089489
0.007367
0.038065
0.163075
0.214669
0.497037
0.874701
0.873051
0.467348
0.506668
0.197530
0.858489
0.219673
0.254976
0.772414
0.095983
0.733593
0.794334
0.598852
0.427944
0.495658
0.008454
0.310468
0.729230
0.530976
0.692484
0.203083
0.444243
0.136311
0.742623
0.731688
0.225800
0.749991
0.769753
0.388875
0.964660
0.266790
0.263576
0.837711
0.734139
0.770244
0.035241
0.592628
0.989918
0.290216
0.365042
0.085901
0.023810
0.159376
0.684753
0.451754
0.655034
0.693207
0.762222
0.384263
0.224183
0.454706
0.587347
0.668427
0.591018
0.329970
0.400115
0.816817
0.079961
0.169868
0.205692
0.044621
0.436658
0.469268
0.882332
0.170797
0.239513
0.917573
0.763425
0.229431
0.207789
0.128467
0.315332
0.231599
0.287843
0.000085
0.683353
0.942877
0.693292
0.445575
0.327140
0.917475
0.900281
0.914487
0.585902
0.491299
0.244457
0.986017
0.308116
0.324418
0.155885
0.513808
0.369038
0.592543
0.983077
0.251370
0.763340
0.222590
0.168943
0.526765
0.452021
0.376732
0.655232
0.767353
0.608331
0.943075
0.767438
0.291684
0.885951
0.460730
0.737259
0.213092
0.378205
0.637541
0.127578
0.964108
0.128840
0.372035
0.950124
0.436956
0.696453
0.106009
0.950764
0.065492
0.698552
0.933841
0.316862
0.461892
0.156431
0.485805
0.988657
0.608452
0.862537
0.643888
0.375804
0.470868
0.586963
0.143242
0.762552
0.472915
0.603972
0.499811
0.686006
0.982177
0.137352
0.813585
0.946285
0.266191
0.185620
0.896409
0.703147
0.882073
0.002418
0.653911
0.947565
0.700970
0.587752
0.264426
0.162862
0.744183
0.750231
0.151519
0.352634
0.612767
0.795407
0.728438
0.083635
0.382370
0.871680
0.846187
0.855285
0.475652
0.345998
0.541291
0.457830
0.483350
0.354876
0.404115
0.749541
0.540496
0.300524
0.452687
0.422569
0.302942
0.106598
0.370134
0.003913
0.694350
0.634560
0.166775
0.438533
0.384791
0.318294
0.791167
0.997559
0.113701
0.519606
0.081194
0.496071
0.391286
0.927381
0.351356
0.866939
0.273379
0.892648
0.324769
0.756729
0.247524
0.728883
0.506269
0.788020
0.029407
0.958957
0.210589
0.332350
0.065555
0.580723
0.336262
0.759905
0.215283
0.503037
0.198438
0.600074
0.821331
0.989606
0.597633
0.935031
0.509212
0.678827
0.431102
0.900498
0.606208
0.782459
0.767437
0.879587
0.675106
0.092206
0.636315
0.922630
0.821089
0.142584
0.710650
0.850496
0.101541
0.921239
0.182846
0.167096
0.501962
0.519108
0.927001
0.717245
0.022146
0.125439
0.317320
0.843476
0.115045
0.914953
0.778508
0.624257
0.593780
0.209610
0.524755
0.199987
0.992069
0.292193
0.079574
0.667175
0.384398
0.715889
0.589805
0.205487
0.858473
0.300455
0.055984
0.960014
0.221694
0.238830
0.127109
0.723656
0.757938
0.054110
0.440901
0.780084
0.179550
0.758221
0.623560
0.294595
0.673174
0.402068
0.918852
0.266953
0.611678
0.443608
0.466940
0.603747
0.735800
0.546514
0.270922
0.120199
0.262403
0.860727
0.325686
0.120876
0.161182
0.381669
0.080889
0.382876
0.620499
0.207999
0.106532
0.378437
0.262109
0.547433
0.158521
0.441659
0.305653
0.782081
0.736254
0.978827
0.184149
0.655107
0.245780
0.795827
0.098715
0.712721
0.399574
0.834515
0.259235
0.670496
0.954714
0.521637
0.531223
0.280399
0.642513
0.692405
0.662069
0.723402
0.075281
0.282568
0.931401
0.181812
0.661005
0.193510
0.729245
0.819526
0.635169
0.034898
0.601607
0.371424
0.013725
0.785756
0.026530
0.259506
0.581583
0.125245
0.972226
0.981156
0.959760
0.231461
0.651652
0.914474
0.753099
0.182875
0.194873
0.395612
0.875280
0.856942
0.119014
0.950561
0.139510
0.050415
0.132373
0.800515
0.243925
0.861618
0.620041
0.879095
0.896516
0.221648
0.250518
0.910242
0.007403
0.277049
0.169747
0.588986
0.402294
0.141974
0.570142
0.362054
0.373435
0.221795
0.276528
0.126533
0.404670
0.471401
0.522145
0.279950
0.328343
0.641159
0.230511
0.467853
0.691575
0.362884
0.268368
0.935500
0.224502
0.888408
0.814595
0.121018
0.110056
0.065113
0.031260
0.117459
0.342162
0.201007
0.706445
0.744455
0.342981
0.276587
0.106509
0.716415
0.498382
0.383037
0.842949
0.903052
0.854438
0.365094
0.183002
0.182780
0.006253
0.413514
0.650633
0.697828
0.776398
0.919001
0.633328
0.000900
0.807409
0.447923
0.121918
0.917465
0.513036
0.153177
0.034924
0.855197
0.354184
0.741369
0.599653
0.697165
0.017957
0.706162
0.413580
0.516339
0.089199
0.256529
0.419391
0.943637
0.621623
0.602394
0.126417
0.627877
0.015907
0.777050
0.325705
0.792305
0.696051
0.959033
0.793204
0.503460
0.406955
0.915122
0.420926
0.919991
0.068299
0.455850
0.775188
0.422484
0.197219
0.374841
0.119649
0.215176
0.081003
0.533229
0.731515
0.170202
0.789758
0.150906
0.113839
0.411381
0.753299
0.240256
0.039258
0.769206
0.017306
0.364963
0.561511
0.713358
0.323996
0.354716
0.216818
0.730951
0.269838
0.637744
0.650942
0.338137
0.093593
0.426130
0.760621
0.290813
0.800972
0.880269
0.505988
0.881975
0.413498
0.237503
0.052178
0.203256
0.388409
0.166017
0.614638
0.141708
0.406273
0.653896
0.910914
0.423579
0.018859
0.472425
0.136936
0.342855
0.827141
0.353754
0.073806
0.096979
0.991498
0.724747
0.435116
0.085091
0.150878
0.195737
0.375904
0.951850
0.076006
0.881892
0.833825
0.489504
0.119395
0.886002
0.692761
0.507804
0.052019
0.307399
0.649512
0.458291
0.961295
0.560427
0.881870
0.980154
0.032852
0.018807
0.323009
0.859993
0.372561
0.396814
0.956972
0.364059
0.121562
0.392088
0.449151
0.272439
0.587824
0.825055
0.224289
0.663830
0.706947
0.058114
0.153334
0.826342
0.944116
0.846095
0.334147
0.996135
0.153494
0.983659
0.454426
0.114789
0.544085
0.336297
0.094943
0.576938
0.355103
0.417951
0.436931
0.727665
0.814765
0.393902
0.091724
0.936327
0.785990
0.540874
0.208766
0.373814
0.365929
0.433055
0.037644
0.072876
0.491169
0.190979
0.899218
0.435285
0.037074
0.233365
0.431419
0.190568
0.217024
0.885846
0.305357
0.761109
0.222142
0.400300
0.338047
0.577246
0.818251
0.774978
0.304910
0.633017
0.168880
0.396634
0.569344
0.954870
0.937508
0.778110
0.328684
0.303437
0.211165
0.366328
0.376314
0.702334
0.557307
0.275532
0.137619
0.594381
0.508897
0.569038
0.784949
0.725921
0.454884
0.090306
0.487030
0.677026
0.490606
0.825077
0.254271
0.308857
0.600054
0.559182
0.941874
0.768934
0.955815
0.511218
0.723804
0.893324
0.289328
0.052488
0.196761
0.500493
0.418817
0.573075
0.202827
0.976124
0.848607
0.340446
0.570506
0.357504
0.909484
0.355455
0.083425
0.364368
0.445761
0.570455
0.041394
0.936368
0.395531
0.295665
0.245225
0.995586
0.854847
0.187099
0.764520
0.810662
0.698317
0.488324
0.703986
0.987645
0.540813
0.900747
0.488138
0.959630
0.473822
0.690964
0.935754
0.322429
0.031410
0.506259
0.679933
0.940894
0.861714
0.763357
0.305261
0.307476
0.333812
0.346655
0.243843
0.729343
0.642320
0.489069
0.724929
0.497167
0.676168
0.489449
0.307829
0.374485
0.977773
0.011814
0.362129
0.518585
0.912562
0.850267
0.478215
0.386384
0.541231
0.413969
0.708813
0.572642
0.920228
0.388746
0.513535
0.781942
0.152103
0.818797
0.089418
0.485915
0.165452
0.333261
0.215258
0.807772
0.822330
0.940187
0.304939
0.498498
0.429635
0.612767
0.872983
0.407408
0.624582
0.235112
0.925993
0.537143
0.085379
0.404208
0.923527
0.626611
0.818177
0.632340
0.199252
0.738404
0.021086
0.712788
0.520347
0.173189
0.531585
0.609764
0.659103
0.697037
0.943025
0.874361
0.504809
0.765355
0.814548
0.809747
0.263853
0.244183
0.422514
0.136835
0.651591
0.047096
0.371947
0.577584
0.584240
0.457327
0.981792
0.507767
0.083937
0.799969
0.140107
0.283189
0.538374
0.161193
0.995977
0.058720
0.334382
0.527561
0.668484
0.993485
0.224598
0.611510
0.867847
0.729406
0.376865
0.682395
0.539154
0.640718
0.926578
0.961668
0.777554
0.578169
0.008764
0.149501
0.155753
0.593004
0.606828
0.137545
0.100771
0.690765
0.937514
0.240878
0.973954
0.475888
0.402071
0.969931
0.534608
0.736453
0.497492
0.203093
0.729938
0.722090
0.814602
0.597785
0.451496
0.191467
0.280179
0.990650
0.832186
0.206757
0.952318
0.609739
0.784926
0.961082
0.759240
0.940679
0.554086
0.366068
0.078224
0.654856
0.056832
0.015738
0.895734
0.030786
0.491626
0.297806
0.000717
0.026234
0.034258
0.498208
0.229327
0.764197
0.220298
0.043929
0.361982
0.671794
0.235397
0.642161
0.662444
0.067582
0.848918
0.614762
0.677321
0.633844
0.575843
0.436561
0.574522
0.129929
0.802629
0.652746
0.784785
0.859461
0.668484
0.680520
0.890247
0.160111
0.978325
0.890964
0.186345
0.012584
0.389172
0.415672
0.776780
0.609471
0.459602
0.138762
0.281265
0.694998
0.780923
0.943709
0.762581
0.629841
0.558470
0.439902
0.263684
0.134314
0.876464
0.838207
0.264242
0.679092
0.490953
0.049028
0.538554
0.159437
0.729548
0.428801
0.319548
0.707873
0.319765
0.505893
0.720457
0.708937
0.921565
0.497237
0.318408
0.381167
0.635999
0.599672
0.076165
0.416922
0.543381
0.838746
0.046763
0.101851
0.278648
0.310447
0.236165
0.155111
0.148654
0.500407
0.834204
0.639607
0.549435
0.372758
0.799044
0.278983
0.801558
0.118592
0.986855
0.121323
0.624485
0.707312
0.830260
0.546050
0.204549
0.148668
0.927216
0.840549
0.748340
0.003382
0.257471
0.291721
0.842127
0.304233
0.393573
0.120775
0.614681
0.629737
0.275887
0.763334
0.130145
0.110090
0.402941
0.679580
0.482848
0.201985
0.958562
0.284407
0.320576
0.945418
0.405730
0.945061
0.652730
0.235990
0.491111
0.857279
0.384658
0.418327
0.697828
0.132998
0.421708
0.955298
0.424720
0.263836
0.259532
0.818292
0.384611
0.874212
0.448030
0.660498
0.637547
0.578174
0.770588
0.040488
0.257754
0.253436
0.242472
0.216316
0.537843
0.563049
0.161733
0.943572
0.508110
0.814463
0.179562
0.999220
0.671742
0.564220
0.417547
0.369570
0.697219
0.839256
0.324868
0.121938
0.103091
0.584400
0.940231
0.487702
0.458612
0.388260
0.148200
0.096158
0.966435
0.918788
0.136646
0.224188
0.172224
0.379118
0.440504
0.710066
0.942167
0.602237
0.653639
0.450277
0.416701
0.833201
0.449497
0.088443
0.397421
0.867044
0.458013
0.094640
0.706299
0.782881
0.216578
0.809390
0.367280
0.156809
0.297093
0.825892
0.545069
0.445292
0.922050
0.511504
0.364080
0.058696
0.735692
0.536304
0.437815
0.176196
0.246370
0.379982
0.778434
0.900009
0.830258
0.195134
0.733210
0.279755
0.283577
0.130631
0.146799
0.741590
0.225271
0.853098
0.524471
0.441850
0.662488
0.891751
0.598659
0.959581
0.717643
0.143728
0.404873
0.639694
0.655232
0.768954
0.698390
0.390924
0.305258
0.136205
0.567120
0.551628
0.516187
0.345554
0.451637
0.346445
0.540688
0.184847
0.626200
0.824266
0.315478
0.772998
0.565856
0.540750
0.626096
0.090326
0.982599
0.288585
0.982078
0.581258
0.248166
0.699721
0.724986
0.653039
0.339415
0.380218
0.421993
0.037805
0.771142
0.727250
0.174010
0.338262
0.278878
0.690197
0.683817
0.730516
0.036641
0.224505
0.915363
0.662841
0.048770
0.230841
0.435840
0.614626
0.771590
0.061936
0.704952
0.754190
0.350521
0.687030
0.335448
0.598686
0.386751
0.060434
0.251725
0.726166
0.440652
0.673718
0.763971
0.211794
0.400968
0.937981
0.550056
0.679847
0.628178
0.233873
0.410362
0.664820
0.458378
0.325725
0.327661
0.507148
0.556566
0.763501
0.121774
0.328156
0.825437
0.826726
0.082346
0.175957
0.513756
0.417794
0.774643
0.900508
0.478227
0.026369
0.626674
0.918879
0.700087
0.390645
0.130673
0.101055
0.328627
0.680729
0.780902
0.956805
0.914602
0.191264
0.621624
0.372980
0.516989
0.949285
0.880128
0.073555
0.712786
0.001902
0.401711
0.538222
0.828628
0.484057
0.714180
0.342385
0.901851
0.488823
0.242892
0.380078
0.515191
0.869566
0.298957
0.215278
0.260211
0.429630
0.316333
0.588838
0.110359
0.097235
0.545642
0.024962
0.288499
0.167267
0.397941
0.805488
0.116552
0.278069
0.879043
0.829338
0.279971
0.280755
0.367560
0.108599
0.764812
0.081740
0.450983
0.666663
0.570563
0.693876
0.046741
0.085754
0.563441
0.345698
0.301032
0.823652
0.775328
0.617365
0.412490
0.885688
0.714599
0.958133
0.910649
0.003098
0.125399
0.308591
0.808587
0.241951
0.586659
0.687630
0.071289
0.866630
0.968385
0.438849
0.975229
0.733196
0.520589
0.426213
0.399859
0.091152
0.120088
0.446600
0.176906
0.683529
0.792298
0.477938
0.507182
0.567626
0.095302
0.919672
0.453314
0.809901
0.877804
0.363963
0.813000
0.003204
0.672554
0.621586
0.245155
0.259213
0.309216
0.316445
0.125843
0.277601
0.755294
0.101072
0.010797
0.275883
0.527285
0.410656
0.367035
0.647373
0.857256
0.543941
0.330902
0.649553
0.021878
0.838084
0.217179
0.117180
0.757756
0.670493
0.927082
0.635561
0.034456
0.740082
0.638764
0.707010
0.361668
0.883920
0.966223
0.670885
0.200364
0.092066
0.948486
0.955658
0.193138
0.959283
0.231542
0.720423
0.369939
0.598577
0.367796
0.227195
0.142517
0.698698
0.876748
0.164396
0.536782
0.093927
0.281576
0.294538
0.764420
0.208658
0.930099
0.798876
0.948740
0.568863
0.505886
0.310408
0.452783
0.472109
0.981293
0.653147
0.564174
0.929778
0.608806
0.757313
0.889061
0.840347
0.477735
0.259000
0.438924
0.845531
0.486195
0.581441
0.544230
0.362943
0.745837
0.081012
0.456870
0.027413
0.375550
0.221291
0.236072
0.305649
0.020167
0.184812
0.874513
0.526053
0.495220
0.327296
0.998162
0.476512
0.980444
0.562336
0.406291
0.589249
0.319649
0.295352
0.429596
0.797384
0.554352
0.868520
0.642915
0.040547
0.449962
0.187145
0.403490
0.195799
0.268157
0.860360
0.223212
0.643707
0.081651
0.459284
0.949357
0.101818
0.644096
0.823870
0.627871
0.139315
0.151166
0.626033
0.615828
0.131609
0.188369
0.022118
0.720859
0.508017
0.317470
0.150455
0.305401
0.871822
0.018976
0.948317
0.912368
0.468937
0.135462
0.315858
0.664736
0.403619
0.176218
0.887948
0.047326
0.257869
0.347232
0.996683
0.359687
0.991328
0.820552
0.987558
0.130644
0.971718
0.613590
0.746471
0.103328
0.801959
0.768589
0.824186
0.309976
0.086059
0.974642
0.615377
0.957881
0.993617
0.563694
0.870250
0.462554
0.699155
0.186108
0.127290
0.102774
0.362326
0.015239
0.150100
0.620195
0.362471
0.146782
0.979882
0.353799
0.967335
0.967439
0.484443
0.939053
0.581030
0.230914
0.042381
0.382989
0.999504
0.866567
0.692965
0.085563
0.841209
0.308342
0.043444
0.834826
0.872036
0.913694
0.297380
0.571191
0.099801
0.424670
0.673965
0.462127
0.439909
0.824064
0.082322
0.802380
0.970847
0.062203
0.156179
0.938182
0.029643
0.640622
0.877235
0.610672
0.871536
0.919615
0.993661
0.871040
0.786182
0.686625
0.956603
0.627391
0.994967
0.000047
0.462216
0.867003
0.913740
0.759596
0.438194
0.013541
0.184266
0.112158
0.475668
0.624175
0.936223
0.557990
0.426555
0.907070
0.620194
0.582735
0.845251
0.649836
0.223357
0.722486
0.260508
0.094893
0.642101
0.254169
0.965933
0.428284
0.940795
0.922536
0.055674
0.935762
0.922582
0.517891
0.802765
0.836323
0.277487
0.240959
0.849864
0.461754
0.353117
0.325532
0.085929
0.289340
0.883523
0.512484
0.196410
0.503716
0.095218
0.041661
0.153552
0.318575
0.764147
0.414061
0.413468
0.406248
0.668230
0.379401
0.834532
0.609025
0.301937
0.890206
0.544787
0.224519
0.408097
0.347552
0.060842
0.685584
0.588510
0.910706
0.147338
0.941628
0.236239
0.233266
0.230967
0.119761
0.745750
0.427377
0.623478
0.840969
0.469038
0.777030
0.159544
0.233185
0.191091
0.573012
0.639433
0.859321
0.952414
0.473965
0.468346
0.254350
0.364171
0.013133
0.478870
0.772268
0.360685
0.539712
0.457852
0.949195
0.450418
0.605189
0.890823
0.686657
0.838456
0.121790
0.806418
0.584206
0.549168
0.429896
0.425174
0.018206
0.206926
0.584718
0.251391
0.398016
0.157730
0.890824
0.257338
0.110144
0.364789
0.725684
0.364494
0.728960
0.738817
0.843364
0.501228
0.099502
0.383076
0.959079
0.048697
0.833494
0.564269
0.939520
0.520151
0.402724
0.061310
0.326569
0.986930
0.610478
0.756465
0.412104
0.628684
0.963390
0.996822
0.880074
0.361407
0.154553
0.770899
0.618744
0.264697
0.135687
0.344428
0.629191
0.864647
0.083245
0.472555
0.365875
0.182746
0.855632
0.324954
0.231443
0.689126
0.889223
0.170963
0.209277
0.291947
0.232273
0.535846
0.278877
0.842751
0.292311
0.690981
0.471435
0.255702
0.687803
0.351509
0.617108
0.842356
0.122408
0.235853
0.107053
0.258095
0.580281
0.736244
0.122742
0.663525
0.208799
0.488617
0.846271
0.064431
0.813571
0.077714
0.753557
0.702794
0.248677
0.962834
0.994741
0.480950
0.498680
0.273618
0.323702
0.790991
0.964599
0.795136
0.046693
0.652403
0.146646
0.663801
0.494759
0.269053
0.899654
0.601812
0.527149
0.479934
0.338056
0.649891
0.143459
0.546855
0.138508
0.989730
0.611286
0.952080
0.067445
0.364842
0.654874
0.316122
0.327676
0.649616
0.797072
0.826356
0.923234
0.120774
0.617347
0.887833
0.915910
0.664040
0.540236
0.062556
0.327841
0.034995
0.331610
0.227495
0.636807
0.858758
0.707429
0.974863
0.508649
0.850888
0.521718
0.647158
0.840619
0.133003
0.599238
0.908063
0.497846
0.254112
0.224185
0.825522
0.903727
0.021258
0.651878
0.826961
0.142032
0.269225
0.714795
0.057942
0.933265
0.255031
0.120498
0.261106
0.290026
0.452108
0.488601
0.926834
0.310866
0.196030
0.901697
0.819516
0.046918
0.423414
0.466673
0.887536
0.556418
0.065911
0.795600
0.054263
0.320023
0.019785
0.879785
0.223750
0.041042
0.531663
0.050711
0.183074
0.800888
0.765506
0.241016
0.734153
0.020537
0.361515
0.995259
0.310563
0.813622
0.483860
0.237396
0.124489
0.679889
0.139093
0.944004
0.726807
0.562507
0.410677
0.614344
0.118925
0.476588
0.409943
0.173188
0.796611
0.429728
0.052974
0.020361
0.470771
0.584636
0.071072
0.653845
0.385524
0.836577
0.894861
0.119677
0.857114
0.256375
0.114936
0.167677
0.069998
0.598796
0.405073
0.194486
0.278685
0.544166
0.138490
0.005492
0.106673
0.549168
0.619836
0.225598
0.025756
0.029779
0.398786
0.822367
0.459507
0.451760
0.842727
0.930278
0.036396
0.913799
0.584122
0.421921
0.750376
0.478983
0.541598
0.607490
0.735359
0.656534
0.775167
0.805357
0.255330
0.180240
0.999843
0.534015
0.724406
0.138333
0.539507
0.831079
0.687501
0.159343
0.056677
0.713257
0.189122
0.455463
0.535623
0.648629
0.907223
0.378350
0.578907
0.943620
0.292149
0.163029
0.365540
0.042526
0.642013
0.907138
0.650016
0.377371
0.563672
0.425183
0.182728
0.819001
0.605423
0.182571
0.353016
0.329829
0.320904
0.892523
0.160908
0.008405
0.051866
0.217584
0.721661
0.240989
0.673048
0.257285
0.889618
0.580271
0.635635
0.468525
0.523891
0.927784
0.631555
0.889431
0.970310
0.273567
0.796569
0.620326
0.650939
0.360241
0.045508
0.833666
0.179242
0.650931
0.016237
0.532259
0.980760
0.337141
0.424782
0.141668
0.345546
0.476648
0.359252
0.067207
0.717637
0.032300
0.324492
0.607255
0.612571
0.960127
0.075780
0.136462
0.887911
0.707335
0.025893
0.858221
0.980902
0.822462
0.478546
0.631840
0.182703
0.524055
0.465507
0.361946
0.174986
0.481744
0.894204
0.155746
0.818885
0.318986
0.297414
0.164431
0.795634
0.656666
0.231639
0.513271
0.688966
0.556131
0.120526
0.301537
0.516258
0.196306
0.437999
0.404169
0.903641
0.463892
0.262389
0.884542
0.286354
0.740936
0.516383
0.469057
0.264991
0.981889
0.831003
0.439977
0.463633
0.725207
0.595723
0.282519
0.044193
0.893137
0.446950
0.839827
0.549802
0.678589
0.353098
0.238768
0.234719
0.473624
0.540305
0.750977
0.669930
0.978304
0.155146
0.573571
0.442196
0.417535
0.458113
0.728550
0.158471
0.974496
0.197607
0.423462
0.956385
0.028611
0.863438
0.420018
0.753818
0.459161
0.702537
0.798011
0.352298
0.149487
0.637838
0.902100
0.828076
0.990936
0.140868
0.062795
0.464560
0.681173
0.813772
0.134491
0.659477
0.968918
0.708062
0.101672
0.386453
0.166175
0.830222
0.544924
0.140671
0.027830
0.968386
0.097056
0.056440
0.831824
0.517074
0.810258
0.290985
0.219611
0.608269
0.643283
0.369098
0.246106
0.545383
0.197173
0.237043
0.686251
0.259968
0.701603
0.367424
0.073741
0.836094
0.026900
0.042658
0.544155
0.128573
0.429112
0.710330
0.958795
0.974036
0.851001
0.986625
0.942421
0.948056
0.043065
0.774246
0.465130
0.853323
0.065231
0.684741
0.461592
0.708514
0.053839
0.707699
0.253896
0.251013
0.944741
0.940147
0.510981
0.646344
0.307571
0.584722
0.482438
0.334471
0.627380
0.026594
0.463044
0.056492
0.736924
0.421839
0.030528
0.587925
0.408465
0.972949
0.535981
0.451530
0.747195
0.001112
0.304853
0.812425
0.685853
0.766446
0.520939
0.739693
0.474144
0.774835
0.990705
0.418885
0.714982
0.501687
0.065230
0.022553
0.086409
0.547668
0.357024
0.713789
0.574261
0.820068
0.770281
0.311185
0.241908
0.800808
0.899110
0.650372
0.773757
0.435091
0.101902
0.520952
0.436203
0.406756
0.333377
0.122056
0.173201
0.854316
0.861748
0.647345
0.629151
0.852454
0.066231
0.344133
0.354141
0.131460
0.366686
0.440549
0.679128
0.723710
0.154338
0.253389
0.543779
0.924619
0.564574
0.785687
0.725427
0.463684
0.436059
0.499184
0.898775
0.537961
0.020136
0.334978
0.944717
0.353513
0.457033
0.117918
0.207828
0.318782
0.765264
0.836979
0.171236
0.831494
0.181112
0.525377
0.962955
0.547798
0.965926
0.642083
0.271508
0.120264
0.895472
0.815287
0.044883
0.460046
0.600973
0.770310
0.923729
0.037032
0.269494
0.822504
0.574993
0.289629
0.157482
0.519710
0.643142
0.614515
0.637629
0.850970
0.933297
0.402892
0.687950
0.104533
0.234387
0.869062
0.629910
0.197342
0.416860
0.595835
0.839424
0.688368
0.716099
0.734896
0.503655
0.760982
0.194942
0.104628
0.531291
0.118671
0.141661
0.800785
0.941175
0.716654
0.090414
0.098657
0.236365
0.733557
0.713172
0.873993
0.584527
0.646469
0.276886
0.272477
0.751002
0.511273
0.141538
0.380912
0.708614
0.558398
0.976747
0.548039
0.246766
0.692847
0.282935
0.750421
0.453828
0.477876
0.855049
0.985120
0.596547
0.996710
0.785905
0.537723
0.713364
0.876319
0.636380
0.949729
0.609876
0.349552
0.823722
0.194403
0.996021
0.100608
0.466879
0.747024
0.611881
0.608418
0.127936
0.320495
0.166816
0.104683
0.868534
0.413581
0.797530
0.151469
0.164002
0.251358
0.629345
0.019052
0.236478
0.225893
0.015762
0.022383
0.763615
0.729126
0.898702
0.399995
0.678855
0.508578
0.749547
0.502577
0.702981
0.745568
0.603186
0.169860
0.492592
0.215067
0.778278
0.620527
0.535562
0.945093
0.725210
0.404096
0.358675
0.522740
0.555565
0.522677
0.774098
0.184911
0.541729
0.010576
0.410803
0.557490
0.032959
0.174418
0.286616
0.931661
0.574413
0.965471
0.440239
0.323960
0.468049
0.143220
0.069527
0.071234
0.313080
0.562119
0.286301
0.091357
0.182646
0.821863
0.036451
0.907857
0.225959
0.395126
0.430597
0.781525
0.917803
0.204695
0.966436
0.459531
0.215272
0.377239
0.017022
0.248230
0.551657
0.303638
0.179891
0.126070
0.269110
0.620130
0.450030
0.737159
0.763350
0.519557
0.808393
0.076430
0.081676
0.094694
0.167787
0.264323
0.916557
0.204238
0.172179
0.142517
0.599364
0.602777
0.924041
0.517166
0.807472
0.890477
0.976698
0.022743
0.267716
0.993720
0.270974
0.819373
0.297358
0.450865
0.945443
0.566468
0.070996
0.395473
0.303627
0.834346
0.915030
0.112020
0.910775
0.996706
0.206714
0.078563
0.261029
0.123271
0.282801
0.433208
0.265787
0.882164
0.035985
0.189829
0.399330
0.843457
0.080306
0.376028
0.866200
0.348022
0.369748
0.137174
0.167395
0.667106
0.588039
0.112838
0.233574
0.659035
0.508310
0.537201
0.493381
0.423340
0.649220
0.404156
0.420047
0.855934
0.482719
0.681075
0.979205
0.765519
0.114284
0.244992
0.647683
0.150268
0.434821
0.047014
0.993725
0.515127
0.423042
0.859925
0.863148
0.792790
0.997099
0.030543
0.459896
0.585139
0.143380
0.693471
0.244174
0.651691
0.230671
0.737555
0.075031
0.879892
0.141711
0.495078
0.735826
0.624430
0.176153
0.715031
0.389949
0.290437
0.960023
0.037633
0.440705
0.394844
0.084647
0.434430
0.909971
0.507689
0.294356
0.773119
0.300479
0.291455
0.803662
0.760375
0.876594
0.947042
0.453846
0.120768
0.598733
0.684517
0.858323
0.673764
0.564409
0.000035
0.168842
0.300235
0.624465
0.344995
0.015266
0.014414
0.635431
0.975289
0.052047
0.076136
0.370133
0.136694
0.510566
0.280104
0.644382
0.804922
0.053223
0.944861
0.096377
0.856884
0.705237
0.972971
0.803927
0.159083
0.093739
0.402660
0.843600
0.952063
0.076424
0.408009
0.952097
0.245265
0.708245
0.576562
0.590260
0.723511
0.590977
0.225691
0.698800
0.643024
0.301827
0.068933
0.779717
0.812393
0.349036
0.424100
0.617315
0.402259
0.368961
0.713692
0.259143
0.074198
0.686664
0.063070
0.233280
0.780403
0.465730
0.076880
0.732466
0.542153
0.484890
0.684563
0.787418
0.193134
0.261126
0.377678
0.916645
0.852102
0.603369
0.615445
0.495126
0.905196
0.684378
0.274843
0.717589
0.033414
0.698943
0.334905
0.435673
0.067904
0.048597
0.694816
0.142101
0.735261
0.757886
0.375382
0.515664
0.223616
0.452262
0.248130
0.765769
0.937152
0.932693
0.553188
0.130287
0.193819
0.930866
0.046932
0.045921
0.534235
0.662377
0.541046
0.439431
0.346754
0.815889
0.157021
0.380169
0.514832
0.491925
0.815842
0.582735
0.540523
0.510658
0.724837
0.275783
0.268544
0.100219
0.791447
0.492160
0.552481
0.039577
0.257929
0.489633
0.972270
0.811117
0.619920
0.166088
0.741983
0.666851
0.212009
0.276218
0.329228
0.753055
0.715649
0.675983
0.568945
0.872670
0.056151
0.083777
0.364595
0.871993
0.666512
0.905118
0.382651
0.391349
0.180901
0.651195
0.491568
0.972348
0.143356
0.044049
0.011925
0.401285
0.533682
0.984195
0.212402
0.153602
0.150284
0.954385
0.820453
0.362293
0.230603
0.149681
0.115348
0.946252
0.825664
0.684293
0.818922
0.881815
0.768069
0.183517
0.753808
0.434581
0.088635
0.136459
0.825930
0.269537
0.787654
0.317498
0.241885
0.931010
0.361547
0.253810
0.332295
0.895229
0.238006
0.544696
0.048831
0.388289
0.499081
0.869284
0.750582
0.729684
0.018965
0.865930
0.675936
0.844629
0.550223
0.494858
0.726444
0.318292
0.678375
0.480252
0.752873
0.767011
0.616711
0.578804
0.036547
0.404365
0.896302
0.278432
0.335375
0.257848
0.532243
0.667669
0.153077
0.770249
0.212366
0.201908
0.158538
0.711447
0.071192
0.909119
0.441131
0.090157
0.775049
0.117067
0.934786
0.325272
0.611925
0.661231
0.643564
0.290300
0.141483
0.396437
0.057310
0.758194
0.975241
0.093858
0.162559
0.871542
0.372290
0.497934
0.129391
0.904533
0.165604
0.282468
0.674782
0.377969
0.484376
0.833319
0.089416
0.555568
0.742439
0.530547
0.645725
0.517488
0.647614
0.580511
0.842760
0.259539
0.241742
0.486323
0.549839
0.383225
0.882760
0.607149
0.141419
0.858001
0.701007
0.303978
0.729543
0.073297
0.801912
0.858934
0.977830
0.967516
0.141402
0.652611
0.345485
0.625778
0.485930
0.434902
0.181346
0.228369
0.965449
0.827071
0.745857
0.613064
0.407582
0.588616
0.872602
0.649324
0.074940
0.422441
0.032549
0.957700
0.029590
0.173968
0.815701
0.730597
0.477946
0.545244
0.803894
0.279859
0.404178
0.781724
0.247375
0.545580
0.434335
0.592860
0.171358
0.920265
0.027762
0.352704
0.148635
0.993212
0.179775
0.894491
0.606275
0.587357
0.483108
0.478878
0.236682
0.558047
0.901319
0.269231
0.515747
0.930909
0.443199
0.331448
0.661506
0.921145
0.876692
0.465400
0.201004
0.280869
0.247123
0.448379
0.826449
0.681458
0.041240
0.997807
0.601724
0.069002
0.350511
0.750358
0.062214
0.530285
0.644850
0.668489
0.117643
0.127957
0.147366
0.354324
0.686004
0.048685
0.623555
0.201751
0.979594
0.066754
0.533199
0.641100
0.987899
0.409891
0.106500
0.188904
0.690760
0.353623
0.637283
0.517209
0.035082
0.678523
0.515016
0.636805
0.747524
0.865526
0.387164
0.809738
0.395812
0.032014
0.478227
0.513454
0.159971
0.625593
0.867779
0.845975
0.674278
0.491334
0.047727
0.653872
0.558088
0.580926
0.294972
0.545987
0.990817
0.401471
0.734891
0.681577
0.755094
0.372174
0.198786
0.790176
0.050696
0.713801
0.426981
0.798221
0.579328
0.814145
0.607959
0.975140
0.846159
0.086186
0.488594
0.006130
0.711779
0.356373
0.852106
0.386057
0.847706
0.899832
0.039929
0.405794
0.480758
0.334901
0.951781
0.471575
0.736372
0.686671
0.153152
0.491467
0.058845
0.351937
0.281643
0.109541
0.065738
0.708624
0.907762
0.645066
0.522770
0.515721
0.620206
0.368929
0.601906
0.108800
0.375059
0.313685
0.465172
0.227164
0.699742
0.312878
0.126997
0.739671
0.718672
0.607755
0.074572
0.670453
0.079330
0.810944
0.357124
0.232481
0.302410
0.415969
0.584419
0.584053
0.525511
0.650157
0.292677
0.433273
0.295223
0.815447
0.948993
0.915429
0.184375
0.550900
0.024229
0.559434
0.864585
0.489401
0.786598
0.564327
0.802280
0.913595
0.303998
0.520952
0.521350
0.378570
0.191405
0.600680
0.189513
0.548529
0.833161
0.491924
0.964499
0.417580
0.075977
0.490009
0.067737
0.368654
0.923282
0.362960
0.184101
0.872275
0.278389
0.368476
0.423175
0.302618
0.927910
0.287760
0.792019
0.714508
0.852087
0.594299
0.628103
0.156084
0.115250
0.149453
0.534654
0.306655
0.750133
0.724167
0.855184
0.583294
0.216091
0.819683
0.000874
0.292068
0.309692
0.068611
0.660722
0.232974
0.431571
0.844823
0.105249
0.709960
0.213299
0.528424
0.012578
0.141210
0.816184
0.804597
0.855718
0.668271
0.398896
0.483821
0.824355
0.514147
0.633274
0.359009
0.820802
0.383407
0.083177
0.675986
0.966701
0.299268
0.495669
0.967575
0.591336
0.805361
0.036186
0.252058
0.038335
0.467757
0.096882
0.143584
0.177717
0.310181
0.672009
0.190295
0.451391
0.488193
0.994892
0.307109
0.156463
0.393788
0.790930
0.980819
0.907935
0.424204
0.339828
0.728736
0.807611
0.423004
0.404722
0.774313
0.722272
0.900391
0.741888
0.313608
0.705752
0.778074
0.565667
0.744087
0.245830
0.662548
0.887671
0.423547
0.972729
0.559679
0.613842
0.424120
0.047872
0.608734
0.731229
0.204335
0.002523
0.522159
0.185154
0.910457
0.946363
0.524982
0.639194
0.753974
0.947987
0.043916
0.528287
0.670259
0.944307
0.270175
0.983867
0.650059
0.048249
0.549534
0.394146
0.294079
0.212082
0.281816
0.717626
0.184812
0.841496
0.331468
0.608932
0.889367
0.940203
0.340161
0.093703
0.942725
0.862319
0.278857
0.853183
0.808682
0.803839
0.492376
0.562656
0.751826
0.536292
0.090943
0.422084
0.480599
0.361118
0.405952
0.130658
0.409366
0.955485
0.524804
0.703446
0.167568
0.806620
0.421072
0.352379
0.648116
0.752540
0.961311
0.537483
0.692743
0.301472
0.631186
0.635468
0.163791
0.910043
0.488651
0.972473
0.713883
0.981027
0.535129
0.465708
0.517320
0.626072
0.887793
0.997919
0.987190
0.293744
0.128578
0.396556
0.249230
0.653382
0.100002
0.416797
0.460002
0.521074
0.769177
0.108118
0.273614
0.730488
0.645601
0.966357
0.031960
0.276787
0.601826
0.195751
0.186831
0.090477
0.168224
0.900713
0.071504
0.703353
0.366421
0.588824
0.329425
0.254214
0.586743
0.316615
0.547958
0.715321
0.713172
0.797188
0.368703
0.813174
0.213986
0.828705
0.334248
0.983162
0.936822
0.607862
0.713650
0.582423
0.574219
0.745610
0.859211
0.176045
0.941361
0.046041
0.266522
0.109585
0.946755
0.338026
0.812938
0.313176
0.926850
0.142363
0.567390
0.513593
0.458979
0.115349
0.228914
0.172150
0.912537
0.597617
0.985324
0.126522
0.426322
0.319572
0.109685
0.363144
0.927433
0.823335
0.945567
0.501652
0.568945
0.804778
0.677697
0.510306
0.850819
0.944219
0.619891
0.797574
0.282245
0.432829
0.110750
0.209095
0.575192
0.678140
0.722689
0.034171
0.793489
0.951603
0.206321
0.706025
0.549220
0.191645
0.832547
0.975541
0.511217
0.942232
0.338685
0.438650
0.765567
0.284253
0.940303
0.334512
0.089031
0.618000
0.844818
0.939850
0.562219
0.464709
0.737424
0.844464
0.897538
0.848174
0.053559
0.472730
0.526314
0.776248
0.506901
0.319802
0.727851
0.713223
0.025828
0.277071
0.904868
0.858375
0.252612
0.416085
0.800607
0.591298
0.854735
0.566174
0.875550
0.795037
0.900686
0.964581
0.413037
0.745504
0.904431
0.975256
0.210213
0.641855
0.819720
0.107751
0.490029
0.873280
0.580481
0.016343
0.649528
0.087382
0.336145
0.377379
0.800605
0.361973
0.654450
0.705473
0.220348
0.907062
0.121557
0.020955
0.498360
0.976292
0.587129
0.373910
0.771329
0.487815
0.338491
0.184367
0.233319
0.242922
0.159623
0.443531
0.884777
0.979344
0.551282
0.374806
0.852623
0.131763
0.391149
0.502152
0.219145
0.727295
0.879531
0.019750
0.089268
0.533981
0.725222
0.309616
0.441043
0.846779
0.330571
0.939403
0.823071
0.917701
0.313314
0.594401
0.405516
0.651805
0.778768
0.638835
0.894728
0.938391
0.082366
0.779505
0.917734
0.633648
0.154312
0.770358
0.765411
0.545461
0.272509
0.984556
0.272756
0.152040
0.004305
0.362024
0.686021
0.729528
0.671640
0.127064
0.576307
0.002211
0.066467
0.399379
0.919912
0.379781
0.993779
0.325427
0.031586
0.772547
0.964262
0.926314
0.710938
0.046628
0.705819
0.628672
0.680276
0.860131
0.399030
0.445686
0.405592
0.671539
0.430242
0.678348
0.823579
0.434547
0.040371
0.509600
0.164075
0.712011
0.636664
0.740382
0.714222
0.703131
0.139760
0.634134
0.082912
0.133540
0.959561
0.114499
0.906087
0.923823
0.040813
0.617025
0.970451
0.746632
0.245697
0.650726
0.606763
0.644727
0.096412
0.012355
0.316266
0.526654
0.690702
0.139845
0.961201
0.731074
0.649445
0.125276
0.443085
0.286108
0.865658
0.157307
0.989240
0.005418
0.791441
0.072152
0.138958
0.751002
0.186651
0.045045
0.674825
0.227464
0.662070
0.645276
0.974096
0.907767
0.296002
0.580859
0.552493
0.392415
0.593214
0.868759
0.919069
0.283916
0.008604
0.880270
0.014990
0.658048
0.005546
0.458075
0.944157
0.871204
0.615382
0.933396
0.876623
0.406823
0.005548
0.015581
0.157825
0.192199
0.060626
0.832650
0.419663
0.722696
0.477925
0.393759
0.630463
0.773928
0.974618
0.182956
0.166342
0.567832
0.051715
0.085411
0.851748
0.060319
0.965681
0.866739
0.718367
0.971227
0.324814
0.662524
0.842432
0.940196
0.595920
0.719054
0.347018
0.601469
0.734635
0.504843
0.793668
0.795262
0.337492
0.213332
0.517958
0.815418
0.607091
0.148421
0.589345
0.581709
0.331377
0.755688
0.149541
0.383092
0.841099
0.001290
0.443411
0.806780
0.868028
0.161778
0.778007
0.192842
0.824302
0.620439
0.133037
0.420223
0.339493
0.480056
0.021692
0.074128
0.984898
0.815360
0.869390
0.322391
0.028692
0.387348
0.137809
0.635782
0.535769
0.727154
0.217492
0.867146
0.482842
0.367033
0.250238
0.323940
0.368323
0.693649
0.130720
0.236351
0.855427
0.908728
0.429193
0.679730
0.529166
0.562230
0.099952
0.868659
0.042286
0.121644
0.942788
0.027184
0.937004
0.812178
0.349575
0.965696
0.199526
0.487384
0.601478
0.735295
0.214538
0.818970
0.602441
0.697380
0.186003
0.852679
0.021320
0.554325
0.546328
0.152041
0.790677
0.401755
0.060768
0.219869
0.081485
0.589934
0.782100
0.181437
0.458594
0.824386
0.303081
0.401381
0.851570
0.240085
0.213559
0.201145
0.205780
0.413085
0.688529
0.807258
0.148380
0.903067
0.626228
0.750820
0.600447
0.812231
0.603499
0.621767
0.366556
0.149826
0.773808
0.157233
0.551581
0.834576
0.377102
0.633066
0.424511
0.159202
0.814503
0.883104
0.983588
0.117583
0.284486
0.835158
0.357668
0.498045
0.036303
0.563448
0.911130
0.724832
0.370707
0.059509
0.627899
0.996935
0.810330
0.228346
0.809165
0.413828
0.850114
0.175722
0.563655
0.623922
0.332954
0.115236
